CGATS.17

ORIGINATOR	"i1Profiler - X-Rite, Inc."
INSTRUMENTATION	"i1iSis 2 XL ; Serial number 0"
DESCRIPTOR	"Neutrals52x5.txt 6x6 Cnt260 DPI600 09-26-19  9-18PM 9800ABW_52x52"
MEASUREMENT_SOURCE	"MeasurementCondition=M2	Filter=UVcut"
ILLUMINATION_NAME	"D50"
OBSERVER_ANGLE	"2"
FILTER	"UV"
WEIGHTING_FUNCTION	"ILLUMINANT,	D50"
WEIGHTING_FUNCTION	"OBSERVER,	2 degree"
KEYWORD	"DEVCALSTD"
DEVCALSTD	"XRGA"
CREATED		"2019-10-06T11:05:14"

NUMBER_OF_FIELDS	47
BEGIN_DATA_FORMAT
SAMPLE_ID	SAMPLE_NAME	RGB_R	RGB_G	RGB_B	XYZ_X	XYZ_Y	XYZ_Z	LAB_L	LAB_A	LAB_B	SPECTRAL_NM380	SPECTRAL_NM390	SPECTRAL_NM400	SPECTRAL_NM410	SPECTRAL_NM420	SPECTRAL_NM430	SPECTRAL_NM440	SPECTRAL_NM450	SPECTRAL_NM460	SPECTRAL_NM470	SPECTRAL_NM480	SPECTRAL_NM490	SPECTRAL_NM500	SPECTRAL_NM510	SPECTRAL_NM520	SPECTRAL_NM530	SPECTRAL_NM540	SPECTRAL_NM550	SPECTRAL_NM560	SPECTRAL_NM570	SPECTRAL_NM580	SPECTRAL_NM590	SPECTRAL_NM600	SPECTRAL_NM610	SPECTRAL_NM620	SPECTRAL_NM630	SPECTRAL_NM640	SPECTRAL_NM650	SPECTRAL_NM660	SPECTRAL_NM670	SPECTRAL_NM680	SPECTRAL_NM690	SPECTRAL_NM700	SPECTRAL_NM710	SPECTRAL_NM720	SPECTRAL_NM730	
END_DATA_FORMAT

NUMBER_OF_SETS	260
BEGIN_DATA
1	A1	   95.00   95.00   95.00   0.11884 0.11615 0.08333   40.60000 4.88000 4.45000   0.08140 0.08680 0.09060 0.09290 0.09490 0.09620 0.09720 0.09920 0.10140 0.10330 0.10550 0.10900 0.11150 0.10930 0.10570 0.10750 0.11030 0.10570 0.10320 0.11180 0.12280 0.12920 0.13170 0.13320 0.13570 0.13860 0.14250 0.14700 0.15120 0.15330 0.15440 0.15410 0.15430 0.15570 0.16080 0.16900
2	A2	   70.00   70.00   70.00   0.08620 0.08512 0.06321   35.03000 3.63000 3.04000   0.06280 0.06690 0.06980 0.07170 0.07300 0.07370 0.07430 0.07550 0.07710 0.07790 0.07940 0.08170 0.08280 0.08110 0.07890 0.08000 0.08160 0.07870 0.07710 0.08260 0.08920 0.09300 0.09440 0.09520 0.09660 0.09840 0.10080 0.10360 0.10620 0.10770 0.10790 0.10760 0.10820 0.10970 0.11320 0.11900
3	A3	   60.00   60.00   60.00   0.07489 0.07425 0.05605   32.75000 3.18000 2.46000   0.05710 0.06090 0.06350 0.06520 0.06550 0.06570 0.06610 0.06700 0.06810 0.06910 0.07010 0.07160 0.07260 0.07110 0.06930 0.07010 0.07140 0.06900 0.06790 0.07230 0.07760 0.08050 0.08150 0.08210 0.08320 0.08470 0.08660 0.08900 0.09120 0.09240 0.09250 0.09210 0.09240 0.09440 0.09760 0.10270
4	A4	  150.00  150.00  150.00   0.23326 0.22768 0.15925   54.83000 6.23000 6.55000   0.15340 0.16350 0.17060 0.17510 0.17840 0.18250 0.18550 0.18960 0.19390 0.19690 0.20160 0.21000 0.21750 0.21400 0.20700 0.21040 0.21570 0.20670 0.20170 0.21860 0.24060 0.25400 0.25980 0.26390 0.26900 0.27510 0.28220 0.29030 0.29760 0.30170 0.30300 0.30260 0.30330 0.30590 0.31440 0.32640
5	A5	  220.00  220.00  220.00   0.55037 0.55534 0.42926   79.35000 3.78000 3.55000   0.40330 0.42990 0.44860 0.46030 0.47720 0.49640 0.50710 0.51660 0.52670 0.53380 0.53970 0.54770 0.55360 0.54780 0.53820 0.53850 0.54190 0.53110 0.52350 0.53980 0.56040 0.57520 0.58490 0.59460 0.60560 0.61660 0.62850 0.64040 0.64960 0.65370 0.65470 0.65400 0.65610 0.65980 0.66620 0.67780
6	A6	  120.00  120.00  120.00   0.16225 0.15808 0.11077   46.72000 5.69000 5.74000   0.10640 0.11350 0.11840 0.12150 0.12450 0.12710 0.12900 0.13180 0.13480 0.13720 0.14020 0.14630 0.15090 0.14820 0.14320 0.14570 0.14970 0.14310 0.13940 0.15170 0.16760 0.17700 0.18090 0.18340 0.18700 0.19130 0.19660 0.20290 0.20870 0.21170 0.21280 0.21240 0.21280 0.21540 0.22130 0.23090
7	A7	  210.00  210.00  210.00   0.48724 0.48887 0.36828   75.38000 4.37000 4.71000   0.34550 0.36830 0.38430 0.39430 0.40850 0.42440 0.43380 0.44210 0.45080 0.45750 0.46410 0.47430 0.48270 0.47790 0.46830 0.47010 0.47480 0.46330 0.45570 0.47430 0.49790 0.51370 0.52300 0.53170 0.54180 0.55220 0.56370 0.57550 0.58510 0.58970 0.59070 0.59010 0.59110 0.59470 0.60290 0.61460
8	A8	  110.00  110.00  110.00   0.14244 0.13874 0.09791   44.05000 5.47000 5.26000   0.09520 0.10150 0.10590 0.10870 0.11070 0.11250 0.11410 0.11650 0.11920 0.12120 0.12390 0.12880 0.13280 0.13000 0.12560 0.12790 0.13140 0.12550 0.12230 0.13310 0.14710 0.15530 0.15870 0.16090 0.16390 0.16760 0.17220 0.17770 0.18300 0.18570 0.18660 0.18660 0.18690 0.18910 0.19510 0.20380
9	A9	  135.00  135.00  135.00   0.19436 0.18950 0.13196   50.63000 5.97000 6.32000   0.12600 0.13430 0.14010 0.14380 0.14750 0.15120 0.15350 0.15680 0.16040 0.16350 0.16760 0.17470 0.18080 0.17770 0.17180 0.17480 0.17940 0.17170 0.16730 0.18180 0.20070 0.21200 0.21690 0.22000 0.22440 0.22950 0.23570 0.24290 0.24940 0.25290 0.25410 0.25400 0.25460 0.25760 0.26460 0.27470
10	B1	    125.00  125.00  125.00   0.17027 0.16599 0.11551   47.75000 5.73000 6.07000   0.11140 0.11880 0.12390 0.12720 0.13000 0.13220 0.13420 0.13710 0.14040 0.14330 0.14670 0.15290 0.15820 0.15550 0.15030 0.15300 0.15710 0.15040 0.14660 0.15930 0.17590 0.18580 0.18990 0.19270 0.19650 0.20090 0.20640 0.21300 0.21900 0.22220 0.22330 0.22300 0.22350 0.22590 0.23180 0.24200
11	B2	     40.00   40.00   40.00   0.05816 0.05844 0.04567   29.02000 2.06000 1.40000   0.04600 0.04910 0.05120 0.05260 0.05340 0.05380 0.05400 0.05470 0.05590 0.05660 0.05660 0.05740 0.05770 0.05680 0.05580 0.05620 0.05690 0.05550 0.05490 0.05750 0.06020 0.06170 0.06220 0.06250 0.06310 0.06410 0.06530 0.06700 0.06850 0.06880 0.06880 0.06870 0.06930 0.07020 0.07280 0.07640
12	B3	    110.00  110.00  110.00   0.14198 0.13832 0.09758   43.99000 5.45000 5.27000   0.09520 0.10150 0.10590 0.10870 0.11050 0.11210 0.11360 0.11600 0.11870 0.12080 0.12370 0.12860 0.13240 0.12960 0.12520 0.12750 0.13100 0.12530 0.12200 0.13270 0.14650 0.15480 0.15820 0.16020 0.16340 0.16710 0.17170 0.17740 0.18250 0.18540 0.18610 0.18640 0.18640 0.18850 0.19440 0.20290
13	B4	     25.00   25.00   25.00   0.05044 0.05113 0.04092   27.05000 1.42000 0.75000   0.04150 0.04420 0.04610 0.04730 0.04830 0.04880 0.04880 0.04930 0.05000 0.05020 0.05040 0.05090 0.05080 0.05010 0.04950 0.04970 0.05010 0.04920 0.04890 0.05060 0.05230 0.05310 0.05330 0.05340 0.05390 0.05440 0.05550 0.05660 0.05750 0.05780 0.05780 0.05780 0.05770 0.05870 0.06090 0.06250
14	B5	     45.00   45.00   45.00   0.06200 0.06219 0.04828   29.96000 2.22000 1.59000   0.04820 0.05140 0.05360 0.05500 0.05630 0.05700 0.05710 0.05790 0.05890 0.05970 0.06010 0.06070 0.06150 0.06040 0.05910 0.05970 0.06050 0.05890 0.05810 0.06100 0.06420 0.06600 0.06650 0.06680 0.06760 0.06860 0.07000 0.07180 0.07340 0.07400 0.07400 0.07350 0.07360 0.07520 0.07790 0.08220
15	B6	    135.00  135.00  135.00   0.19374 0.18881 0.13140   50.55000 6.01000 6.33000   0.12550 0.13380 0.13960 0.14330 0.14690 0.15050 0.15300 0.15620 0.15960 0.16280 0.16710 0.17370 0.18000 0.17700 0.17110 0.17400 0.17870 0.17100 0.16660 0.18110 0.20000 0.21140 0.21620 0.21940 0.22380 0.22900 0.23520 0.24240 0.24890 0.25260 0.25370 0.25320 0.25360 0.25670 0.26330 0.27370
16	B7	    205.00  205.00  205.00   0.45921 0.45952 0.34195   73.51000 4.63000 5.23000   0.32100 0.34220 0.35710 0.36640 0.37920 0.39360 0.40220 0.40990 0.41810 0.42460 0.43160 0.44210 0.45130 0.44690 0.43770 0.44010 0.44530 0.43380 0.42640 0.44560 0.46990 0.48600 0.49510 0.50340 0.51310 0.52320 0.53450 0.54620 0.55580 0.56040 0.56130 0.56090 0.56190 0.56600 0.57420 0.58630
17	B8	    230.00  230.00  230.00   0.61252 0.62206 0.49027   83.02000 3.00000 2.60000   0.46040 0.49090 0.51220 0.52550 0.54460 0.56710 0.58000 0.59070 0.60210 0.61070 0.61680 0.62290 0.62620 0.61990 0.61050 0.60890 0.61030 0.60060 0.59280 0.60510 0.62120 0.63420 0.64430 0.65550 0.66770 0.67950 0.69210 0.70400 0.71280 0.71640 0.71710 0.71640 0.71830 0.72220 0.72730 0.73630
18	B9	    200.00  200.00  200.00   0.43204 0.43113 0.31702   71.63000 4.88000 5.70000   0.29660 0.31620 0.32990 0.33850 0.35090 0.36410 0.37180 0.37940 0.38750 0.39410 0.40080 0.41170 0.42160 0.41740 0.40830 0.41110 0.41670 0.40520 0.39790 0.41770 0.44290 0.45920 0.46810 0.47580 0.48500 0.49480 0.50570 0.51710 0.52680 0.53130 0.53230 0.53200 0.53290 0.53670 0.54520 0.55820
19	C1	     35.00   35.00   35.00   0.05510 0.05557 0.04388   28.27000 1.78000 1.11000   0.04440 0.04730 0.04930 0.05060 0.05160 0.05210 0.05210 0.05280 0.05360 0.05400 0.05430 0.05490 0.05510 0.05430 0.05330 0.05370 0.05430 0.05310 0.05250 0.05480 0.05710 0.05830 0.05860 0.05890 0.05940 0.06020 0.06140 0.06270 0.06390 0.06460 0.06440 0.06430 0.06470 0.06570 0.06810 0.07070
20	C2	    235.00  235.00  235.00   0.65060 0.66323 0.52830   85.16000 2.51000 2.04000   0.49700 0.52990 0.55280 0.56720 0.58820 0.61280 0.62620 0.63690 0.64850 0.65760 0.66470 0.66940 0.67100 0.66460 0.65540 0.65220 0.65250 0.64370 0.63610 0.64610 0.65930 0.67110 0.68100 0.69240 0.70480 0.71650 0.72920 0.74080 0.74910 0.75240 0.75290 0.75230 0.75440 0.75780 0.76300 0.77070
21	C3	     65.00   65.00   65.00   0.07994 0.07897 0.05922   33.77000 3.50000 2.70000   0.05950 0.06340 0.06620 0.06790 0.06870 0.06930 0.06970 0.07080 0.07220 0.07300 0.07420 0.07580 0.07690 0.07530 0.07330 0.07420 0.07570 0.07310 0.07170 0.07670 0.08280 0.08620 0.08730 0.08800 0.08930 0.09090 0.09300 0.09560 0.09800 0.09930 0.09920 0.09910 0.09920 0.10080 0.10440 0.10930
22	C4	     15.00   15.00   15.00   0.04637 0.04735 0.03848   25.97000 0.94000 0.37000   0.04040 0.04310 0.04500 0.04610 0.04620 0.04580 0.04580 0.04630 0.04700 0.04730 0.04750 0.04760 0.04720 0.04670 0.04640 0.04650 0.04660 0.04610 0.04600 0.04720 0.04810 0.04850 0.04850 0.04860 0.04900 0.04940 0.05010 0.05110 0.05180 0.05200 0.05210 0.05200 0.05200 0.05280 0.05430 0.05580
23	C5	     50.00   50.00   50.00   0.06596 0.06578 0.05067   30.83000 2.65000 1.83000   0.05120 0.05460 0.05700 0.05850 0.05950 0.05980 0.05990 0.06070 0.06180 0.06240 0.06300 0.06410 0.06470 0.06340 0.06200 0.06270 0.06370 0.06180 0.06090 0.06430 0.06830 0.07050 0.07120 0.07160 0.07240 0.07360 0.07520 0.07710 0.07890 0.07970 0.07970 0.07970 0.07990 0.08090 0.08380 0.08860
24	C6	     35.00   35.00   35.00   0.05629 0.05681 0.04479   28.59000 1.75000 1.16000   0.04510 0.04810 0.05020 0.05150 0.05280 0.05320 0.05320 0.05370 0.05460 0.05510 0.05580 0.05630 0.05640 0.05550 0.05460 0.05500 0.05550 0.05420 0.05370 0.05600 0.05840 0.05960 0.06000 0.06010 0.06070 0.06150 0.06250 0.06400 0.06540 0.06580 0.06570 0.06540 0.06570 0.06680 0.06940 0.07220
25	C7	     30.00   30.00   30.00   0.05280 0.05337 0.04259   27.67000 1.62000 0.83000   0.04450 0.04750 0.04950 0.05080 0.05110 0.05070 0.05060 0.05110 0.05200 0.05240 0.05250 0.05290 0.05290 0.05220 0.05150 0.05180 0.05220 0.05110 0.05070 0.05270 0.05480 0.05580 0.05590 0.05610 0.05670 0.05730 0.05830 0.05970 0.06070 0.06120 0.06110 0.06090 0.06100 0.06280 0.06410 0.06720
26	C8	    175.00  175.00  175.00   0.31140 0.30588 0.21461   62.16000 6.16000 7.09000   0.20330 0.21670 0.22610 0.23200 0.23850 0.24560 0.25030 0.25550 0.26110 0.26570 0.27190 0.28370 0.29360 0.28990 0.28130 0.28510 0.29140 0.28030 0.27380 0.29410 0.32080 0.33740 0.34500 0.35070 0.35760 0.36530 0.37440 0.38450 0.39340 0.39790 0.39920 0.39880 0.39970 0.40270 0.41160 0.42610
27	C9	    240.00  240.00  240.00   0.68588 0.70164 0.56464   87.08000 2.04000 1.48000   0.53080 0.56590 0.59040 0.60580 0.62890 0.65560 0.66960 0.68120 0.69350 0.70350 0.70990 0.71360 0.71350 0.70690 0.69790 0.69320 0.69220 0.68440 0.67660 0.68390 0.69420 0.70460 0.71450 0.72610 0.73860 0.75050 0.76320 0.77450 0.78250 0.78530 0.78600 0.78510 0.78700 0.78990 0.79430 0.80090
28	D1	     35.00   35.00   35.00   0.05505 0.05555 0.04380   28.26000 1.75000 1.15000   0.04520 0.04820 0.05030 0.05160 0.05200 0.05200 0.05190 0.05240 0.05340 0.05400 0.05440 0.05500 0.05520 0.05420 0.05330 0.05370 0.05420 0.05310 0.05260 0.05480 0.05710 0.05830 0.05860 0.05880 0.05940 0.06020 0.06120 0.06270 0.06380 0.06430 0.06410 0.06410 0.06430 0.06570 0.06850 0.07100
29	D2	     45.00   45.00   45.00   0.06217 0.06229 0.04839   29.98000 2.30000 1.58000   0.04950 0.05280 0.05510 0.05650 0.05700 0.05720 0.05720 0.05790 0.05900 0.05970 0.06040 0.06090 0.06140 0.06040 0.05920 0.05970 0.06050 0.05890 0.05810 0.06110 0.06450 0.06620 0.06680 0.06710 0.06780 0.06880 0.07020 0.07200 0.07360 0.07420 0.07430 0.07390 0.07390 0.07530 0.07800 0.08170
30	D3	    185.00  185.00  185.00   0.35518 0.35074 0.24970   65.81000 5.81000 6.78000   0.23540 0.25100 0.26190 0.26870 0.27690 0.28620 0.29190 0.29790 0.30430 0.30940 0.31590 0.32800 0.33840 0.33470 0.32570 0.32940 0.33580 0.32430 0.31740 0.33830 0.36530 0.38230 0.39060 0.39700 0.40480 0.41350 0.42340 0.43430 0.44370 0.44830 0.44940 0.44920 0.45030 0.45410 0.46260 0.47770
31	D4	     55.00   55.00   55.00   0.07011 0.06971 0.05337   31.74000 2.91000 2.03000   0.05410 0.05770 0.06020 0.06170 0.06240 0.06270 0.06310 0.06390 0.06520 0.06580 0.06640 0.06770 0.06850 0.06700 0.06540 0.06610 0.06730 0.06510 0.06410 0.06800 0.07260 0.07520 0.07600 0.07650 0.07730 0.07860 0.08030 0.08240 0.08430 0.08540 0.08520 0.08500 0.08470 0.08610 0.08900 0.09350
32	D5	    210.00  210.00  210.00   0.48659 0.48842 0.36735   75.35000 4.32000 4.79000   0.34530 0.36810 0.38410 0.39410 0.40760 0.42300 0.43210 0.44050 0.44970 0.45650 0.46360 0.47400 0.48230 0.47740 0.46780 0.46990 0.47460 0.46310 0.45530 0.47390 0.49750 0.51320 0.52240 0.53100 0.54090 0.55130 0.56300 0.57490 0.58430 0.58890 0.58970 0.58960 0.59100 0.59520 0.60300 0.61420
33	D6	     55.00   55.00   55.00   0.07061 0.07021 0.05355   31.85000 2.92000 2.14000   0.05480 0.05840 0.06090 0.06250 0.06300 0.06290 0.06320 0.06400 0.06520 0.06600 0.06680 0.06810 0.06890 0.06750 0.06590 0.06660 0.06770 0.06550 0.06450 0.06850 0.07320 0.07570 0.07650 0.07700 0.07800 0.07930 0.08110 0.08320 0.08530 0.08630 0.08620 0.08620 0.08610 0.08770 0.09070 0.09530
34	D7	    210.00  210.00  210.00   0.48614 0.48793 0.36697   75.32000 4.32000 4.79000   0.34490 0.36770 0.38360 0.39360 0.40730 0.42300 0.43190 0.44020 0.44920 0.45570 0.46280 0.47320 0.48160 0.47680 0.46740 0.46920 0.47400 0.46250 0.45500 0.47360 0.49700 0.51270 0.52200 0.53060 0.54050 0.55070 0.56210 0.57390 0.58310 0.58760 0.58860 0.58810 0.58940 0.59330 0.60060 0.61200
35	D8	    125.00  125.00  125.00   0.17141 0.16714 0.11629   47.90000 5.72000 6.09000   0.11150 0.11890 0.12410 0.12730 0.13030 0.13310 0.13520 0.13820 0.14140 0.14390 0.14780 0.15420 0.15940 0.15670 0.15150 0.15410 0.15830 0.15150 0.14760 0.16040 0.17700 0.18700 0.19120 0.19410 0.19780 0.20240 0.20790 0.21430 0.22010 0.22360 0.22470 0.22400 0.22470 0.22730 0.23410 0.24360
36	D9	    210.00  210.00  210.00   0.49022 0.49203 0.37045   75.58000 4.33000 4.75000   0.34940 0.37250 0.38870 0.39880 0.41200 0.42730 0.43610 0.44430 0.45310 0.46030 0.46710 0.47690 0.48560 0.48090 0.47130 0.47330 0.47810 0.46650 0.45890 0.47760 0.50110 0.51700 0.52630 0.53490 0.54490 0.55510 0.56680 0.57840 0.58790 0.59230 0.59330 0.59300 0.59470 0.59910 0.60630 0.61800
37	E1	    145.00  145.00  145.00   0.21871 0.21343 0.14855   53.32000 6.13000 6.60000   0.14270 0.15210 0.15870 0.16280 0.16660 0.17010 0.17290 0.17660 0.18060 0.18380 0.18830 0.19640 0.20350 0.20040 0.19390 0.19700 0.20220 0.19370 0.18880 0.20480 0.22580 0.23850 0.24390 0.24760 0.25240 0.25810 0.26490 0.27290 0.27990 0.28360 0.28520 0.28470 0.28510 0.28810 0.29630 0.30850
38	E2	    195.00  195.00  195.00   0.40746 0.40505 0.29413   69.83000 5.26000 6.17000   0.27830 0.29670 0.30950 0.31760 0.32680 0.33730 0.34430 0.35140 0.35910 0.36540 0.37190 0.38350 0.39380 0.38990 0.38090 0.38410 0.39020 0.37850 0.37130 0.39190 0.41820 0.43490 0.44380 0.45120 0.46010 0.46970 0.48040 0.49200 0.50150 0.50610 0.50750 0.50720 0.50880 0.51280 0.52170 0.53570
39	E3	    160.00  160.00  160.00   0.26219 0.25689 0.17875   57.74000 6.08000 7.03000   0.16960 0.18080 0.18870 0.19360 0.19880 0.20430 0.20790 0.21250 0.21750 0.22140 0.22660 0.23710 0.24590 0.24240 0.23490 0.23850 0.24420 0.23450 0.22880 0.24690 0.27050 0.28500 0.29140 0.29610 0.30190 0.30850 0.31660 0.32570 0.33360 0.33790 0.33910 0.33890 0.33920 0.34230 0.35160 0.36480
40	E4	    125.00  125.00  125.00   0.17139 0.16701 0.11651   47.88000 5.78000 6.00000   0.11220 0.11970 0.12480 0.12810 0.13090 0.13350 0.13550 0.13840 0.14160 0.14420 0.14790 0.15440 0.15930 0.15650 0.15120 0.15390 0.15810 0.15120 0.14730 0.16030 0.17700 0.18700 0.19120 0.19390 0.19770 0.20230 0.20790 0.21440 0.22040 0.22370 0.22470 0.22450 0.22510 0.22790 0.23400 0.24450
41	E5	    255.00  255.00  255.00   0.80263 0.82706 0.69314   92.89000 1.01000 -0.97000   0.65390 0.69710 0.72730 0.74630 0.77480 0.80860 0.82570 0.83900 0.85300 0.86440 0.86990 0.86600 0.85660 0.84760 0.83740 0.82670 0.82070 0.81520 0.80640 0.80480 0.80580 0.81260 0.82300 0.83690 0.85140 0.86430 0.87720 0.88790 0.89440 0.89640 0.89590 0.89530 0.89790 0.90010 0.90030 0.90340
42	E6	    130.00  130.00  130.00   0.18085 0.17624 0.12291   49.04000 5.88000 6.12000   0.11820 0.12610 0.13150 0.13500 0.13790 0.14060 0.14280 0.14610 0.14950 0.15230 0.15630 0.16280 0.16820 0.16510 0.15960 0.16240 0.16680 0.15960 0.15550 0.16910 0.18670 0.19730 0.20180 0.20470 0.20880 0.21350 0.21940 0.22620 0.23230 0.23580 0.23690 0.23690 0.23760 0.24020 0.24710 0.25720
43	E7	    205.00  205.00  205.00   0.45606 0.45646 0.33980   73.32000 4.59000 5.20000   0.31860 0.33970 0.35440 0.36360 0.37630 0.39060 0.39900 0.40700 0.41550 0.42270 0.42950 0.44020 0.44890 0.44420 0.43480 0.43720 0.44240 0.43090 0.42350 0.44240 0.46670 0.48260 0.49170 0.49990 0.50940 0.51950 0.53070 0.54240 0.55190 0.55670 0.55780 0.55750 0.55880 0.56310 0.57090 0.58260
44	E8	    235.00  235.00  235.00   0.64811 0.66072 0.52467   85.03000 2.50000 2.22000   0.49370 0.52640 0.54920 0.56350 0.58410 0.60790 0.62090 0.63210 0.64420 0.65350 0.66080 0.66540 0.66770 0.66140 0.65250 0.64970 0.65000 0.64140 0.63380 0.64380 0.65700 0.66870 0.67880 0.69020 0.70270 0.71450 0.72680 0.73830 0.74650 0.74970 0.75020 0.74950 0.75190 0.75510 0.75970 0.76710
45	E9	     50.00   50.00   50.00   0.06595 0.06590 0.05066   30.86000 2.52000 1.89000   0.05110 0.05450 0.05690 0.05840 0.05940 0.05970 0.05990 0.06060 0.06160 0.06240 0.06330 0.06440 0.06490 0.06370 0.06230 0.06290 0.06380 0.06200 0.06110 0.06450 0.06840 0.07050 0.07110 0.07150 0.07230 0.07350 0.07510 0.07700 0.07880 0.07960 0.07940 0.07930 0.07940 0.08080 0.08400 0.08840
46	F1	    160.00  160.00  160.00   0.26451 0.25900 0.18028   57.94000 6.17000 7.03000   0.17190 0.18330 0.19120 0.19620 0.20090 0.20620 0.20990 0.21430 0.21930 0.22310 0.22830 0.23910 0.24780 0.24440 0.23670 0.24020 0.24610 0.23610 0.23030 0.24880 0.27290 0.28760 0.29420 0.29880 0.30480 0.31150 0.31960 0.32880 0.33670 0.34100 0.34220 0.34230 0.34270 0.34590 0.35410 0.36790
47	F2	    120.00  120.00  120.00   0.15939 0.15536 0.10847   46.36000 5.62000 5.83000   0.10560 0.11260 0.11740 0.12050 0.12230 0.12420 0.12610 0.12880 0.13170 0.13450 0.13780 0.14360 0.14800 0.14550 0.14070 0.14320 0.14720 0.14080 0.13710 0.14920 0.16460 0.17390 0.17760 0.18020 0.18380 0.18800 0.19320 0.19960 0.20510 0.20850 0.20960 0.20930 0.20990 0.21170 0.21830 0.22830
48	F3	    245.00  245.00  245.00   0.72529 0.74353 0.60830   89.09000 1.76000 0.52000   0.57130 0.60900 0.63540 0.65200 0.67670 0.70580 0.72210 0.73530 0.74890 0.75900 0.76480 0.76490 0.76120 0.75370 0.74430 0.73770 0.73490 0.72770 0.71950 0.72380 0.73090 0.74020 0.75060 0.76360 0.77750 0.79030 0.80330 0.81480 0.82270 0.82520 0.82560 0.82530 0.82730 0.83040 0.83280 0.83850
49	F4	     55.00   55.00   55.00   0.06979 0.06952 0.05302   31.70000 2.78000 2.14000   0.05340 0.05690 0.05940 0.06090 0.06180 0.06220 0.06250 0.06330 0.06460 0.06560 0.06650 0.06740 0.06830 0.06700 0.06530 0.06610 0.06710 0.06510 0.06410 0.06790 0.07230 0.07480 0.07560 0.07600 0.07700 0.07820 0.07990 0.08200 0.08400 0.08480 0.08500 0.08460 0.08500 0.08630 0.08940 0.09470
50	F5	    190.00  190.00  190.00   0.37933 0.37592 0.27005   67.72000 5.51000 6.52000   0.25420 0.27100 0.28280 0.29010 0.29940 0.30980 0.31610 0.32240 0.32930 0.33470 0.34140 0.35360 0.36430 0.36020 0.35130 0.35490 0.36110 0.34950 0.34240 0.36320 0.38990 0.40670 0.41520 0.42210 0.43030 0.43940 0.44980 0.46080 0.47000 0.47470 0.47580 0.47530 0.47670 0.48030 0.48920 0.50350
51	F6	     90.00   90.00   90.00   0.11118 0.10884 0.07848   39.38000 4.64000 4.20000   0.07640 0.08150 0.08500 0.08720 0.08960 0.09100 0.09180 0.09350 0.09550 0.09710 0.09900 0.10240 0.10470 0.10260 0.09940 0.10100 0.10350 0.09930 0.09700 0.10490 0.11500 0.12080 0.12300 0.12440 0.12660 0.12920 0.13270 0.13680 0.14060 0.14240 0.14310 0.14290 0.14310 0.14480 0.14920 0.15690
52	F7	     20.00   20.00   20.00   0.04866 0.04944 0.03984   26.58000 1.25000 0.58000   0.04040 0.04310 0.04500 0.04620 0.04710 0.04740 0.04730 0.04780 0.04880 0.04920 0.04930 0.04940 0.04930 0.04870 0.04800 0.04820 0.04850 0.04770 0.04750 0.04910 0.05040 0.05110 0.05130 0.05140 0.05180 0.05230 0.05310 0.05420 0.05500 0.05550 0.05530 0.05470 0.05520 0.05690 0.05830 0.06030
53	F8	    175.00  175.00  175.00   0.31168 0.30623 0.21388   62.19000 6.13000 7.29000   0.20300 0.21640 0.22580 0.23170 0.23790 0.24440 0.24900 0.25440 0.26010 0.26480 0.27140 0.28330 0.29360 0.29010 0.28160 0.28550 0.29190 0.28080 0.27410 0.29450 0.32120 0.33780 0.34540 0.35100 0.35810 0.36590 0.37530 0.38540 0.39430 0.39900 0.40040 0.40000 0.40060 0.40420 0.41320 0.42780
54	F9	    205.00  205.00  205.00   0.46080 0.46125 0.34232   73.63000 4.59000 5.37000   0.32260 0.34390 0.35880 0.36820 0.38010 0.39360 0.40180 0.40980 0.41840 0.42570 0.43260 0.44340 0.45290 0.44860 0.43920 0.44170 0.44710 0.43550 0.42810 0.44740 0.47180 0.48790 0.49700 0.50530 0.51500 0.52510 0.53630 0.54800 0.55750 0.56230 0.56320 0.56300 0.56430 0.56850 0.57670 0.58870
55	G1	    195.00  195.00  195.00   0.40732 0.40515 0.29431   69.83000 5.19000 6.16000   0.27820 0.29650 0.30940 0.31750 0.32760 0.33840 0.34480 0.35140 0.35890 0.36520 0.37200 0.38360 0.39400 0.39000 0.38110 0.38440 0.39040 0.37890 0.37190 0.39220 0.41830 0.43510 0.44370 0.45090 0.45960 0.46860 0.47920 0.49050 0.49970 0.50430 0.50550 0.50500 0.50630 0.51020 0.51890 0.53200
56	G2	    215.00  215.00  215.00   0.51712 0.52054 0.39727   77.31000 4.02000 4.14000   0.37330 0.39800 0.41520 0.42610 0.44130 0.45870 0.46870 0.47740 0.48660 0.49370 0.50040 0.50920 0.51650 0.51130 0.50180 0.50300 0.50700 0.49580 0.48820 0.50550 0.52760 0.54290 0.55220 0.56140 0.57170 0.58230 0.59410 0.60580 0.61500 0.61970 0.62040 0.61990 0.62140 0.62490 0.63250 0.64380
57	G3	    235.00  235.00  235.00   0.65011 0.66285 0.52720   85.14000 2.48000 2.13000   0.49670 0.52950 0.55240 0.56680 0.58720 0.61140 0.62450 0.63540 0.64690 0.65630 0.66350 0.66840 0.67020 0.66400 0.65490 0.65180 0.65220 0.64350 0.63590 0.64590 0.65920 0.67080 0.68070 0.69210 0.70430 0.71610 0.72850 0.73990 0.74790 0.75130 0.75180 0.75100 0.75320 0.75660 0.76070 0.76860
58	G4	    200.00  200.00  200.00   0.43120 0.43031 0.31614   71.58000 4.88000 5.74000   0.29590 0.31540 0.32910 0.33770 0.34990 0.36310 0.37080 0.37830 0.38640 0.39280 0.39970 0.41100 0.42080 0.41650 0.40740 0.41030 0.41590 0.40440 0.39710 0.41690 0.44210 0.45850 0.46730 0.47500 0.48410 0.49380 0.50460 0.51610 0.52560 0.53040 0.53150 0.53100 0.53240 0.53660 0.54430 0.55660
59	G5	    140.00  140.00  140.00   0.20710 0.20179 0.14055   52.04000 6.16000 6.45000   0.13560 0.14450 0.15080 0.15470 0.15800 0.16110 0.16370 0.16710 0.17080 0.17380 0.17810 0.18580 0.19230 0.18910 0.18290 0.18590 0.19090 0.18270 0.17820 0.19350 0.21370 0.22590 0.23110 0.23470 0.23940 0.24470 0.25140 0.25880 0.26560 0.26940 0.27060 0.27030 0.27020 0.27350 0.28070 0.29300
60	G6	     75.00   75.00   75.00   0.09209 0.09065 0.06664   36.11000 3.95000 3.40000   0.06640 0.07070 0.07380 0.07570 0.07680 0.07750 0.07820 0.07960 0.08110 0.08220 0.08370 0.08610 0.08780 0.08600 0.08360 0.08480 0.08660 0.08340 0.08170 0.08780 0.09530 0.09960 0.10120 0.10210 0.10380 0.10580 0.10840 0.11160 0.11440 0.11610 0.11650 0.11640 0.11650 0.11820 0.12270 0.12860
61	G7	    230.00  230.00  230.00   0.61097 0.62059 0.48868   82.94000 2.97000 2.64000   0.45860 0.48890 0.51010 0.52340 0.54270 0.56540 0.57830 0.58890 0.60000 0.60850 0.61490 0.62070 0.62440 0.61860 0.60930 0.60750 0.60900 0.59920 0.59150 0.60380 0.61990 0.63290 0.64290 0.65380 0.66580 0.67750 0.69020 0.70210 0.71090 0.71440 0.71540 0.71460 0.71680 0.72010 0.72570 0.73490
62	G8	    180.00  180.00  180.00   0.33550 0.33035 0.23206   64.19000 6.03000 7.23000   0.21960 0.23420 0.24430 0.25070 0.25830 0.26580 0.27060 0.27610 0.28230 0.28720 0.29390 0.30700 0.31770 0.31390 0.30500 0.30890 0.31540 0.30380 0.29690 0.31810 0.34570 0.36280 0.37080 0.37690 0.38440 0.39270 0.40230 0.41290 0.42210 0.42670 0.42790 0.42740 0.42860 0.43240 0.44090 0.45580
63	G9	     40.00   40.00   40.00   0.05828 0.05858 0.04600   29.05000 2.03000 1.28000   0.04590 0.04900 0.05110 0.05240 0.05370 0.05440 0.05460 0.05520 0.05630 0.05680 0.05690 0.05790 0.05800 0.05690 0.05600 0.05640 0.05700 0.05560 0.05500 0.05760 0.06040 0.06190 0.06230 0.06260 0.06310 0.06400 0.06520 0.06680 0.06820 0.06870 0.06870 0.06840 0.06840 0.06910 0.07140 0.07480
64	H1	     95.00   95.00   95.00   0.11823 0.11558 0.08303   40.50000 4.85000 4.40000   0.08120 0.08660 0.09040 0.09270 0.09460 0.09590 0.09700 0.09890 0.10120 0.10270 0.10490 0.10850 0.11110 0.10880 0.10530 0.10710 0.10980 0.10520 0.10270 0.11120 0.12210 0.12850 0.13100 0.13260 0.13490 0.13790 0.14170 0.14610 0.15030 0.15250 0.15340 0.15340 0.15350 0.15550 0.16020 0.16780
65	H2	     25.00   25.00   25.00   0.05105 0.05173 0.04132   27.22000 1.44000 0.80000   0.04270 0.04550 0.04750 0.04870 0.04930 0.04940 0.04930 0.04970 0.05030 0.05060 0.05100 0.05130 0.05140 0.05070 0.05000 0.05030 0.05070 0.04970 0.04940 0.05130 0.05300 0.05380 0.05400 0.05410 0.05460 0.05510 0.05610 0.05730 0.05820 0.05850 0.05840 0.05830 0.05840 0.05940 0.06110 0.06390
66	H3	    255.00  255.00  255.00   0.80015 0.82496 0.69107   92.79000 0.92000 -0.94000   0.65370 0.69690 0.72710 0.74610 0.77430 0.80710 0.82360 0.83630 0.85010 0.86130 0.86660 0.86250 0.85380 0.84490 0.83520 0.82490 0.81910 0.81360 0.80500 0.80360 0.80460 0.81110 0.82100 0.83420 0.84770 0.85990 0.87190 0.88200 0.88830 0.88990 0.88950 0.88890 0.89010 0.89230 0.89350 0.89590
67	H4	    230.00  230.00  230.00   0.61261 0.62254 0.48951   83.05000 2.91000 2.73000   0.46050 0.49100 0.51230 0.52560 0.54480 0.56690 0.57880 0.58920 0.60050 0.60930 0.61650 0.62310 0.62660 0.62060 0.61120 0.60950 0.61100 0.60130 0.59350 0.60600 0.62210 0.63500 0.64480 0.65560 0.66750 0.67900 0.69130 0.70300 0.71160 0.71520 0.71590 0.71510 0.71730 0.72070 0.72580 0.73430
68	H5	     80.00   80.00   80.00   0.09754 0.09576 0.06998   37.07000 4.22000 3.63000   0.06900 0.07360 0.07680 0.07880 0.08010 0.08120 0.08200 0.08350 0.08530 0.08640 0.08830 0.09070 0.09240 0.09060 0.08790 0.08920 0.09130 0.08780 0.08590 0.09260 0.10090 0.10570 0.10750 0.10860 0.11030 0.11260 0.11540 0.11880 0.12200 0.12370 0.12420 0.12410 0.12420 0.12550 0.13000 0.13570
69	H6	     75.00   75.00   75.00   0.09154 0.09016 0.06630   36.02000 3.89000 3.38000   0.06580 0.07010 0.07310 0.07510 0.07650 0.07730 0.07790 0.07910 0.08060 0.08190 0.08320 0.08590 0.08760 0.08570 0.08320 0.08440 0.08620 0.08300 0.08120 0.08730 0.09480 0.09910 0.10060 0.10150 0.10320 0.10510 0.10770 0.11080 0.11330 0.11500 0.11530 0.11460 0.11470 0.11660 0.12060 0.12650
70	H7	    105.00  105.00  105.00   0.13328 0.12996 0.09190   42.76000 5.26000 5.08000   0.08920 0.09510 0.09920 0.10180 0.10370 0.10550 0.10700 0.10930 0.11190 0.11400 0.11640 0.12120 0.12430 0.12190 0.11780 0.11990 0.12310 0.11780 0.11490 0.12490 0.13770 0.14520 0.14820 0.15010 0.15300 0.15650 0.16090 0.16620 0.17110 0.17370 0.17450 0.17510 0.17500 0.17680 0.18220 0.19080
71	H8	      5.00    5.00    5.00   0.04230 0.04350 0.03577   24.80000 0.50000 0.08000   0.03740 0.03990 0.04160 0.04270 0.04310 0.04300 0.04270 0.04300 0.04350 0.04400 0.04440 0.04380 0.04350 0.04330 0.04310 0.04310 0.04310 0.04290 0.04280 0.04340 0.04360 0.04380 0.04390 0.04400 0.04430 0.04460 0.04520 0.04570 0.04600 0.04630 0.04630 0.04620 0.04680 0.04710 0.04830 0.04890
72	H9	    165.00  165.00  165.00   0.27780 0.27218 0.18979   59.18000 6.20000 7.08000   0.18180 0.19380 0.20230 0.20750 0.21210 0.21720 0.22100 0.22560 0.23070 0.23470 0.24050 0.25130 0.26060 0.25690 0.24890 0.25270 0.25880 0.24830 0.24240 0.26160 0.28670 0.30190 0.30880 0.31360 0.31980 0.32680 0.33520 0.34450 0.35290 0.35720 0.35840 0.35810 0.35860 0.36230 0.37130 0.38510
73	I1	    130.00  130.00  130.00   0.18160 0.17705 0.12327   49.14000 5.85000 6.18000   0.11910 0.12690 0.13240 0.13590 0.13890 0.14150 0.14340 0.14640 0.14970 0.15240 0.15650 0.16310 0.16890 0.16610 0.16050 0.16320 0.16760 0.16030 0.15620 0.16990 0.18760 0.19830 0.20270 0.20550 0.20960 0.21430 0.22010 0.22690 0.23310 0.23650 0.23750 0.23700 0.23760 0.24020 0.24710 0.25780
74	I2	    120.00  120.00  120.00   0.16005 0.15586 0.10895   46.43000 5.71000 5.79000   0.10560 0.11260 0.11740 0.12050 0.12290 0.12500 0.12680 0.12950 0.13230 0.13490 0.13840 0.14410 0.14860 0.14590 0.14090 0.14350 0.14750 0.14100 0.13740 0.14950 0.16520 0.17460 0.17850 0.18110 0.18470 0.18890 0.19410 0.20020 0.20590 0.20910 0.21010 0.21030 0.21070 0.21240 0.21880 0.22830
75	I3	    170.00  170.00  170.00   0.29694 0.29138 0.20308   60.90000 6.17000 7.26000   0.19320 0.20600 0.21490 0.22050 0.22600 0.23230 0.23650 0.24140 0.24690 0.25140 0.25740 0.26890 0.27910 0.27570 0.26740 0.27110 0.27730 0.26660 0.26030 0.28010 0.30610 0.32220 0.32960 0.33490 0.34150 0.34910 0.35790 0.36800 0.37660 0.38110 0.38250 0.38230 0.38270 0.38570 0.39530 0.40990
76	I4	    140.00  140.00  140.00   0.20717 0.20192 0.14025   52.05000 6.14000 6.55000   0.13440 0.14330 0.14950 0.15340 0.15730 0.16070 0.16320 0.16660 0.17050 0.17350 0.17790 0.18570 0.19240 0.18930 0.18310 0.18610 0.19100 0.18290 0.17830 0.19370 0.21380 0.22590 0.23120 0.23480 0.23960 0.24500 0.25170 0.25910 0.26590 0.26960 0.27110 0.27090 0.27100 0.27420 0.28160 0.29310
77	I5	     20.00   20.00   20.00   0.04849 0.04934 0.03969   26.54000 1.17000 0.62000   0.04130 0.04410 0.04600 0.04720 0.04760 0.04740 0.04720 0.04770 0.04830 0.04880 0.04890 0.04910 0.04920 0.04860 0.04810 0.04830 0.04850 0.04770 0.04750 0.04900 0.05030 0.05090 0.05100 0.05110 0.05160 0.05200 0.05290 0.05400 0.05480 0.05510 0.05510 0.05480 0.05490 0.05610 0.05790 0.06050
78	I6	     40.00   40.00   40.00   0.05874 0.05905 0.04619   29.17000 2.03000 1.38000   0.04720 0.05030 0.05250 0.05390 0.05440 0.05470 0.05490 0.05550 0.05640 0.05670 0.05700 0.05800 0.05850 0.05740 0.05640 0.05680 0.05760 0.05610 0.05550 0.05810 0.06090 0.06240 0.06280 0.06310 0.06370 0.06460 0.06580 0.06740 0.06870 0.06930 0.06920 0.06890 0.06870 0.06980 0.07230 0.07590
79	I7	    185.00  185.00  185.00   0.35393 0.34960 0.24840   65.72000 5.77000 6.86000   0.23520 0.25080 0.26170 0.26850 0.27610 0.28450 0.28990 0.29600 0.30250 0.30790 0.31480 0.32680 0.33740 0.33360 0.32460 0.32830 0.33490 0.32320 0.31640 0.33720 0.36420 0.38100 0.38920 0.39570 0.40360 0.41220 0.42210 0.43270 0.44200 0.44660 0.44790 0.44800 0.44860 0.45230 0.46150 0.47490
80	I8	    150.00  150.00  150.00   0.23320 0.22778 0.15929   54.84000 6.16000 6.56000   0.15290 0.16300 0.17010 0.17450 0.17830 0.18260 0.18550 0.18940 0.19380 0.19720 0.20200 0.21020 0.21770 0.21430 0.20740 0.21060 0.21590 0.20700 0.20190 0.21870 0.24060 0.25390 0.25960 0.26360 0.26890 0.27480 0.28200 0.29030 0.29760 0.30150 0.30260 0.30250 0.30280 0.30610 0.31420 0.32650
81	I9	     80.00   80.00   80.00   0.09901 0.09723 0.07127   37.34000 4.22000 3.56000   0.07040 0.07500 0.07830 0.08030 0.08220 0.08290 0.08350 0.08500 0.08680 0.08830 0.08960 0.09200 0.09390 0.09210 0.08940 0.09060 0.09270 0.08910 0.08720 0.09400 0.10240 0.10720 0.10900 0.11010 0.11190 0.11420 0.11710 0.12060 0.12370 0.12540 0.12610 0.12590 0.12610 0.12820 0.13220 0.13800
82	J1	     65.00   65.00   65.00   0.07931 0.07848 0.05864   33.66000 3.38000 2.79000   0.05980 0.06370 0.06650 0.06820 0.06840 0.06840 0.06880 0.07000 0.07140 0.07250 0.07360 0.07540 0.07640 0.07490 0.07300 0.07390 0.07540 0.07280 0.07140 0.07630 0.08210 0.08540 0.08660 0.08730 0.08850 0.09010 0.09230 0.09480 0.09720 0.09850 0.09870 0.09820 0.09820 0.09980 0.10340 0.10900
83	J2	    185.00  185.00  185.00   0.35413 0.34984 0.24767   65.74000 5.76000 7.02000   0.23410 0.24950 0.26040 0.26710 0.27510 0.28350 0.28900 0.29500 0.30160 0.30670 0.31390 0.32650 0.33750 0.33380 0.32480 0.32860 0.33500 0.32350 0.31650 0.33750 0.36460 0.38140 0.38970 0.39610 0.40410 0.41270 0.42270 0.43340 0.44250 0.44730 0.44840 0.44810 0.44920 0.45330 0.46200 0.47620
84	J3	    110.00  110.00  110.00   0.14290 0.13909 0.09825   44.10000 5.54000 5.23000   0.09570 0.10200 0.10640 0.10920 0.11140 0.11310 0.11460 0.11680 0.11950 0.12170 0.12430 0.12920 0.13300 0.13020 0.12580 0.12810 0.13160 0.12580 0.12250 0.13340 0.14750 0.15590 0.15930 0.16140 0.16450 0.16820 0.17280 0.17840 0.18360 0.18650 0.18730 0.18740 0.18780 0.18900 0.19530 0.20370
85	J4	    250.00  250.00  250.00   0.76340 0.78477 0.65008   91.00000 1.36000 -0.24000   0.61100 0.65140 0.67960 0.69730 0.72430 0.75650 0.77370 0.78680 0.80030 0.81070 0.81570 0.81390 0.80750 0.79920 0.78970 0.78140 0.77730 0.77120 0.76300 0.76440 0.76850 0.77670 0.78680 0.79970 0.81320 0.82550 0.83820 0.84910 0.85620 0.85840 0.85830 0.85780 0.85990 0.86320 0.86450 0.86770
86	J5	    145.00  145.00  145.00   0.21840 0.21323 0.14754   53.30000 6.08000 6.81000   0.14080 0.15020 0.15670 0.16080 0.16480 0.16870 0.17140 0.17510 0.17910 0.18290 0.18770 0.19580 0.20320 0.20010 0.19370 0.19690 0.20210 0.19360 0.18870 0.20470 0.22550 0.23800 0.24350 0.24730 0.25240 0.25820 0.26520 0.27300 0.28010 0.28390 0.28520 0.28500 0.28550 0.28850 0.29650 0.30790
87	J6	      0.00    0.00    0.00   0.04041 0.04168 0.03436   24.22000 0.32000 0.02000   0.03580 0.03810 0.03980 0.04080 0.04120 0.04150 0.04130 0.04150 0.04170 0.04190 0.04230 0.04210 0.04180 0.04180 0.04160 0.04150 0.04140 0.04130 0.04120 0.04150 0.04160 0.04180 0.04180 0.04200 0.04220 0.04250 0.04300 0.04340 0.04370 0.04380 0.04360 0.04380 0.04420 0.04460 0.04550 0.04600
88	J7	     75.00   75.00   75.00   0.09243 0.09103 0.06686   36.18000 3.91000 3.42000   0.06530 0.06960 0.07260 0.07450 0.07660 0.07780 0.07840 0.07970 0.08140 0.08270 0.08430 0.08670 0.08810 0.08640 0.08400 0.08510 0.08700 0.08380 0.08210 0.08810 0.09560 0.09990 0.10150 0.10250 0.10420 0.10620 0.10890 0.11210 0.11490 0.11650 0.11690 0.11640 0.11680 0.11860 0.12290 0.12860
89	J8	     45.00   45.00   45.00   0.06150 0.06163 0.04770   29.82000 2.28000 1.67000   0.04870 0.05190 0.05420 0.05560 0.05630 0.05640 0.05650 0.05710 0.05800 0.05870 0.05940 0.06050 0.06080 0.05980 0.05850 0.05910 0.05980 0.05820 0.05740 0.06040 0.06380 0.06560 0.06610 0.06640 0.06720 0.06810 0.06950 0.07130 0.07280 0.07350 0.07350 0.07300 0.07330 0.07480 0.07740 0.08160
90	J9	    160.00  160.00  160.00   0.26228 0.25663 0.17846   57.72000 6.23000 7.05000   0.17030 0.18160 0.18950 0.19440 0.19950 0.20470 0.20800 0.21230 0.21690 0.22030 0.22580 0.23640 0.24510 0.24180 0.23420 0.23780 0.24370 0.23380 0.22820 0.24650 0.27060 0.28530 0.29190 0.29660 0.30250 0.30910 0.31700 0.32600 0.33380 0.33810 0.33960 0.33940 0.33970 0.34270 0.35140 0.36460
91	K1	    130.00  130.00  130.00   0.18185 0.17740 0.12302   49.18000 5.79000 6.33000   0.11730 0.12510 0.13050 0.13390 0.13720 0.14050 0.14280 0.14600 0.14940 0.15270 0.15690 0.16330 0.16920 0.16640 0.16080 0.16360 0.16810 0.16080 0.15670 0.17030 0.18790 0.19840 0.20270 0.20580 0.21010 0.21490 0.22080 0.22770 0.23380 0.23750 0.23840 0.23830 0.23880 0.24160 0.24800 0.25850
92	K2	    160.00  160.00  160.00   0.26207 0.25660 0.17777   57.71000 6.15000 7.20000   0.16940 0.18060 0.18850 0.19340 0.19820 0.20350 0.20690 0.21120 0.21600 0.21960 0.22540 0.23620 0.24530 0.24180 0.23430 0.23790 0.24370 0.23390 0.22820 0.24660 0.27060 0.28530 0.29180 0.29640 0.30220 0.30880 0.31680 0.32570 0.33350 0.33780 0.33890 0.33850 0.33890 0.34210 0.35040 0.36370
93	K3	    170.00  170.00  170.00   0.29786 0.29222 0.20399   60.98000 6.20000 7.20000   0.19470 0.20750 0.21650 0.22220 0.22770 0.23380 0.23790 0.24260 0.24790 0.25230 0.25820 0.26970 0.27970 0.27630 0.26800 0.27180 0.27810 0.26730 0.26100 0.28110 0.30720 0.32330 0.33070 0.33590 0.34250 0.34990 0.35870 0.36850 0.37710 0.38160 0.38290 0.38240 0.38320 0.38570 0.39500 0.40940
94	K4	    120.00  120.00  120.00   0.15888 0.15478 0.10812   46.28000 5.66000 5.80000   0.10440 0.11130 0.11610 0.11920 0.12180 0.12400 0.12570 0.12840 0.13130 0.13400 0.13740 0.14310 0.14760 0.14500 0.14000 0.14250 0.14650 0.14010 0.13650 0.14860 0.16410 0.17340 0.17720 0.17970 0.18330 0.18750 0.19270 0.19870 0.20430 0.20760 0.20850 0.20830 0.20840 0.21080 0.21720 0.22690
95	K5	    115.00  115.00  115.00   0.15237 0.14820 0.10459   45.39000 5.72000 5.38000   0.10170 0.10850 0.11320 0.11610 0.11840 0.12030 0.12190 0.12440 0.12740 0.12940 0.13230 0.13750 0.14150 0.13870 0.13400 0.13630 0.14010 0.13390 0.13040 0.14210 0.15720 0.16620 0.16980 0.17220 0.17560 0.17970 0.18470 0.19060 0.19610 0.19880 0.19990 0.19990 0.20010 0.20230 0.20820 0.21800
96	K6	      0.00    0.00    0.00   0.04112 0.04237 0.03497   24.44000 0.39000 -0.01000   0.03730 0.03970 0.04150 0.04250 0.04270 0.04210 0.04190 0.04210 0.04260 0.04280 0.04290 0.04270 0.04250 0.04230 0.04220 0.04210 0.04210 0.04190 0.04190 0.04220 0.04230 0.04250 0.04250 0.04270 0.04300 0.04330 0.04380 0.04430 0.04460 0.04460 0.04480 0.04510 0.04520 0.04620 0.04710 0.04830
97	K7	    110.00  110.00  110.00   0.14273 0.13890 0.09780   44.08000 5.55000 5.34000   0.09560 0.10190 0.10630 0.10910 0.11090 0.11270 0.11410 0.11630 0.11890 0.12070 0.12360 0.12900 0.13270 0.13010 0.12570 0.12790 0.13140 0.12560 0.12230 0.13320 0.14730 0.15570 0.15910 0.16140 0.16450 0.16830 0.17290 0.17860 0.18360 0.18640 0.18750 0.18750 0.18780 0.19000 0.19560 0.20520
98	K8	     50.00   50.00   50.00   0.06564 0.06562 0.05032   30.79000 2.49000 1.95000   0.05090 0.05420 0.05660 0.05810 0.05890 0.05930 0.05940 0.06020 0.06120 0.06210 0.06280 0.06400 0.06460 0.06340 0.06200 0.06260 0.06360 0.06180 0.06090 0.06420 0.06810 0.07010 0.07070 0.07110 0.07200 0.07310 0.07470 0.07650 0.07850 0.07930 0.07930 0.07910 0.07920 0.08050 0.08390 0.08860
99	K9	    135.00  135.00  135.00   0.19515 0.19018 0.13191   50.71000 6.02000 6.47000   0.12650 0.13480 0.14070 0.14430 0.14820 0.15110 0.15320 0.15650 0.16010 0.16360 0.16780 0.17510 0.18110 0.17810 0.17230 0.17520 0.17990 0.17220 0.16780 0.18240 0.20150 0.21300 0.21790 0.22110 0.22560 0.23080 0.23700 0.24430 0.25090 0.25440 0.25570 0.25550 0.25580 0.25910 0.26610 0.27730
100	L1	      225.00  225.00  225.00   0.58038 0.58718 0.45720   81.14000 3.47000 3.21000   0.43010 0.45850 0.47840 0.49090 0.50810 0.52860 0.54070 0.55060 0.56080 0.56880 0.57520 0.58220 0.58740 0.58170 0.57200 0.57150 0.57430 0.56370 0.55590 0.57100 0.59020 0.60450 0.61440 0.62480 0.63640 0.64770 0.65990 0.67160 0.68050 0.68440 0.68540 0.68440 0.68630 0.69020 0.69610 0.70560
101	L2	       10.00   10.00   10.00   0.04369 0.04484 0.03658   25.21000 0.62000 0.27000   0.03730 0.03980 0.04150 0.04260 0.04360 0.04390 0.04370 0.04400 0.04460 0.04490 0.04520 0.04510 0.04500 0.04450 0.04430 0.04430 0.04430 0.04390 0.04390 0.04470 0.04520 0.04540 0.04540 0.04560 0.04590 0.04630 0.04690 0.04770 0.04830 0.04840 0.04830 0.04790 0.04840 0.04940 0.05050 0.05200
102	L3	      100.00  100.00  100.00   0.12620 0.12316 0.08775   41.71000 5.09000 4.76000   0.08500 0.09060 0.09450 0.09700 0.09960 0.10130 0.10260 0.10460 0.10660 0.10860 0.11100 0.11480 0.11810 0.11570 0.11190 0.11380 0.11680 0.11180 0.10900 0.11840 0.13040 0.13740 0.14020 0.14190 0.14450 0.14770 0.15170 0.15660 0.16120 0.16370 0.16470 0.16470 0.16500 0.16690 0.17190 0.18010
103	L4	      125.00  125.00  125.00   0.17215 0.16779 0.11714   47.98000 5.77000 5.98000   0.11280 0.12020 0.12550 0.12870 0.13170 0.13430 0.13620 0.13920 0.14240 0.14510 0.14870 0.15510 0.16020 0.15730 0.15190 0.15470 0.15890 0.15200 0.14800 0.16100 0.17790 0.18790 0.19200 0.19480 0.19860 0.20310 0.20860 0.21510 0.22110 0.22440 0.22550 0.22520 0.22590 0.22830 0.23420 0.24480
104	L5	      155.00  155.00  155.00   0.24565 0.24019 0.16665   56.11000 6.16000 6.98000   0.15770 0.16810 0.17540 0.18000 0.18520 0.19060 0.19400 0.19820 0.20260 0.20630 0.21150 0.22100 0.22930 0.22590 0.21880 0.22230 0.22790 0.21850 0.21320 0.23070 0.25360 0.26750 0.27370 0.27790 0.28340 0.28970 0.29730 0.30580 0.31350 0.31760 0.31880 0.31850 0.31880 0.32190 0.33050 0.34200
105	L6	      210.00  210.00  210.00   0.48797 0.48972 0.36730   75.43000 4.34000 4.94000   0.34530 0.36810 0.38410 0.39410 0.40790 0.42340 0.43220 0.44030 0.44910 0.45610 0.46330 0.47440 0.48330 0.47840 0.46890 0.47090 0.47570 0.46410 0.45650 0.47520 0.49890 0.51480 0.52420 0.53300 0.54310 0.55350 0.56490 0.57660 0.58590 0.59050 0.59150 0.59130 0.59280 0.59720 0.60410 0.61590
106	L7	      230.00  230.00  230.00   0.61527 0.62542 0.49231   83.20000 2.87000 2.67000   0.46480 0.49550 0.51700 0.53050 0.54950 0.57150 0.58320 0.59250 0.60340 0.61200 0.61920 0.62560 0.62950 0.62350 0.61410 0.61240 0.61400 0.60430 0.59660 0.60910 0.62520 0.63810 0.64780 0.65820 0.66970 0.68070 0.69290 0.70440 0.71310 0.71650 0.71710 0.71640 0.71830 0.72180 0.72750 0.73600
107	L8	      100.00  100.00  100.00   0.12498 0.12201 0.08657   41.53000 5.05000 4.87000   0.08510 0.09080 0.09470 0.09720 0.09860 0.09970 0.10070 0.10290 0.10520 0.10720 0.10980 0.11380 0.11690 0.11460 0.11080 0.11280 0.11580 0.11080 0.10800 0.11730 0.12920 0.13600 0.13880 0.14050 0.14320 0.14650 0.15050 0.15540 0.16000 0.16260 0.16320 0.16370 0.16400 0.16570 0.17100 0.17900
108	L9	       30.00   30.00   30.00   0.05292 0.05353 0.04250   27.72000 1.57000 0.96000   0.04330 0.04620 0.04820 0.04950 0.05030 0.05060 0.05050 0.05110 0.05180 0.05240 0.05260 0.05290 0.05310 0.05240 0.05160 0.05190 0.05240 0.05130 0.05090 0.05290 0.05500 0.05590 0.05610 0.05630 0.05680 0.05750 0.05840 0.05960 0.06080 0.06120 0.06110 0.06110 0.06110 0.06260 0.06420 0.06700
109	M1	      165.00  165.00  165.00   0.27720 0.27178 0.18920   59.14000 6.12000 7.14000   0.17960 0.19150 0.19980 0.20500 0.21080 0.21660 0.22030 0.22490 0.23000 0.23410 0.23960 0.25080 0.26030 0.25670 0.24890 0.25260 0.25860 0.24830 0.24230 0.26130 0.28600 0.30110 0.30790 0.31280 0.31910 0.32610 0.33440 0.34390 0.35210 0.35660 0.35780 0.35770 0.35850 0.36190 0.37100 0.38480
110	M2	      180.00  180.00  180.00   0.33482 0.32958 0.23187   64.13000 6.07000 7.15000   0.22040 0.23500 0.24520 0.25150 0.25830 0.26530 0.27020 0.27610 0.28230 0.28700 0.29360 0.30600 0.31680 0.31310 0.30430 0.30810 0.31460 0.30310 0.29630 0.31730 0.34480 0.36180 0.36990 0.37610 0.38380 0.39220 0.40170 0.41230 0.42140 0.42600 0.42750 0.42670 0.42770 0.43140 0.44010 0.45520
111	M3	      135.00  135.00  135.00   0.19315 0.18838 0.13109   50.50000 5.93000 6.33000   0.12640 0.13470 0.14060 0.14420 0.14750 0.15050 0.15270 0.15570 0.15910 0.16210 0.16640 0.17330 0.17960 0.17670 0.17090 0.17380 0.17840 0.17070 0.16640 0.18080 0.19940 0.21070 0.21550 0.21870 0.22300 0.22800 0.23410 0.24120 0.24770 0.25120 0.25240 0.25220 0.25200 0.25520 0.26220 0.27230
112	M4	       70.00   70.00   70.00   0.08587 0.08474 0.06293   34.95000 3.67000 3.03000   0.06260 0.06670 0.06960 0.07140 0.07260 0.07360 0.07410 0.07530 0.07670 0.07750 0.07860 0.08090 0.08250 0.08080 0.07840 0.07950 0.08120 0.07830 0.07670 0.08220 0.08880 0.09260 0.09410 0.09490 0.09630 0.09810 0.10050 0.10340 0.10570 0.10730 0.10720 0.10680 0.10720 0.10900 0.11240 0.11780
113	M5	       50.00   50.00   50.00   0.06566 0.06550 0.05034   30.76000 2.62000 1.89000   0.05080 0.05410 0.05650 0.05800 0.05910 0.05930 0.05940 0.06030 0.06140 0.06220 0.06280 0.06390 0.06440 0.06310 0.06170 0.06240 0.06330 0.06150 0.06060 0.06410 0.06810 0.07020 0.07090 0.07130 0.07210 0.07330 0.07480 0.07670 0.07850 0.07930 0.07920 0.07920 0.07940 0.08050 0.08390 0.08790
114	M6	      150.00  150.00  150.00   0.23569 0.23020 0.16073   55.09000 6.19000 6.64000   0.15400 0.16420 0.17130 0.17580 0.18010 0.18450 0.18730 0.19110 0.19530 0.19880 0.20380 0.21240 0.21990 0.21650 0.20950 0.21290 0.21820 0.20910 0.20400 0.22100 0.24320 0.25670 0.26260 0.26660 0.27180 0.27780 0.28500 0.29320 0.30050 0.30470 0.30580 0.30560 0.30580 0.30920 0.31760 0.32970
115	M7	       95.00   95.00   95.00   0.11788 0.11514 0.08269   40.43000 4.91000 4.41000   0.08070 0.08600 0.08970 0.09210 0.09420 0.09570 0.09670 0.09850 0.10080 0.10220 0.10420 0.10790 0.11050 0.10830 0.10480 0.10650 0.10940 0.10480 0.10220 0.11080 0.12180 0.12810 0.13060 0.13220 0.13460 0.13760 0.14130 0.14590 0.15010 0.15230 0.15310 0.15310 0.15320 0.15500 0.16000 0.16770
116	M8	       65.00   65.00   65.00   0.08002 0.07913 0.05908   33.80000 3.44000 2.82000   0.05880 0.06270 0.06540 0.06710 0.06830 0.06900 0.06940 0.07050 0.07200 0.07310 0.07420 0.07610 0.07710 0.07550 0.07350 0.07440 0.07590 0.07330 0.07200 0.07690 0.08280 0.08620 0.08740 0.08820 0.08950 0.09110 0.09320 0.09580 0.09820 0.09960 0.09970 0.09920 0.09980 0.10120 0.10470 0.11040
117	M9	      245.00  245.00  245.00   0.72486 0.74335 0.60716   89.08000 1.70000 0.62000   0.57120 0.60890 0.63530 0.65190 0.67640 0.70570 0.72160 0.73370 0.74670 0.75640 0.76260 0.76370 0.76070 0.75320 0.74410 0.73760 0.73500 0.72790 0.71980 0.72410 0.73120 0.74030 0.75050 0.76320 0.77680 0.78930 0.80210 0.81310 0.82070 0.82330 0.82330 0.82240 0.82470 0.82760 0.83060 0.83640
118	N1	      180.00  180.00  180.00   0.33690 0.33168 0.23376   64.30000 6.06000 7.09000   0.22300 0.23770 0.24800 0.25450 0.26070 0.26770 0.27260 0.27820 0.28440 0.28940 0.29610 0.30840 0.31900 0.31490 0.30610 0.31000 0.31660 0.30510 0.29830 0.31950 0.34710 0.36420 0.37220 0.37830 0.38580 0.39400 0.40350 0.41410 0.42320 0.42760 0.42890 0.42840 0.42950 0.43340 0.44220 0.45630
119	N2	       85.00   85.00   85.00   0.10449 0.10245 0.07464   38.28000 4.42000 3.80000   0.07400 0.07890 0.08230 0.08440 0.08570 0.08670 0.08750 0.08900 0.09080 0.09230 0.09380 0.09690 0.09890 0.09690 0.09390 0.09530 0.09760 0.09360 0.09150 0.09880 0.10800 0.11340 0.11530 0.11650 0.11850 0.12090 0.12410 0.12790 0.13120 0.13310 0.13360 0.13330 0.13340 0.13530 0.13950 0.14650
120	N3	      155.00  155.00  155.00   0.24788 0.24236 0.16883   56.32000 6.19000 6.85000   0.16250 0.17330 0.18080 0.18550 0.18920 0.19350 0.19670 0.20060 0.20500 0.20870 0.21410 0.22330 0.23150 0.22820 0.22100 0.22440 0.22990 0.22050 0.21510 0.23280 0.25580 0.26990 0.27600 0.28030 0.28580 0.29210 0.29970 0.30810 0.31570 0.31990 0.32120 0.32080 0.32110 0.32410 0.33250 0.34460
121	N4	       25.00   25.00   25.00   0.05104 0.05175 0.04127   27.23000 1.41000 0.84000   0.04240 0.04520 0.04710 0.04840 0.04900 0.04920 0.04920 0.04970 0.05050 0.05050 0.05070 0.05130 0.05150 0.05070 0.05000 0.05040 0.05070 0.04980 0.04950 0.05130 0.05300 0.05380 0.05400 0.05410 0.05460 0.05510 0.05610 0.05730 0.05810 0.05840 0.05840 0.05810 0.05850 0.05930 0.06100 0.06290
122	N5	      115.00  115.00  115.00   0.15364 0.14961 0.10544   45.58000 5.63000 5.44000   0.10270 0.10950 0.11420 0.11720 0.11950 0.12160 0.12290 0.12540 0.12830 0.13020 0.13340 0.13870 0.14280 0.14020 0.13540 0.13780 0.14160 0.13540 0.13190 0.14360 0.15870 0.16770 0.17120 0.17360 0.17690 0.18080 0.18580 0.19180 0.19700 0.20010 0.20080 0.20050 0.20090 0.20350 0.20880 0.21830
123	N6	       15.00   15.00   15.00   0.04656 0.04753 0.03852   26.02000 0.95000 0.43000   0.04010 0.04270 0.04460 0.04580 0.04620 0.04620 0.04600 0.04650 0.04700 0.04710 0.04720 0.04740 0.04740 0.04700 0.04660 0.04670 0.04680 0.04630 0.04610 0.04740 0.04830 0.04870 0.04880 0.04880 0.04920 0.04960 0.05040 0.05140 0.05190 0.05230 0.05200 0.05190 0.05250 0.05280 0.05440 0.05610
124	N7	      165.00  165.00  165.00   0.27663 0.27143 0.18796   59.11000 6.04000 7.35000   0.17930 0.19110 0.19940 0.20460 0.20920 0.21480 0.21860 0.22320 0.22830 0.23250 0.23840 0.24980 0.25970 0.25640 0.24860 0.25230 0.25840 0.24820 0.24210 0.26100 0.28580 0.30080 0.30750 0.31230 0.31850 0.32540 0.33370 0.34310 0.35130 0.35550 0.35650 0.35640 0.35710 0.35980 0.36900 0.38240
125	N8	       60.00   60.00   60.00   0.07457 0.07401 0.05585   32.70000 3.10000 2.47000   0.05580 0.05950 0.06210 0.06370 0.06500 0.06540 0.06580 0.06670 0.06800 0.06890 0.07020 0.07130 0.07230 0.07100 0.06910 0.07000 0.07130 0.06890 0.06770 0.07210 0.07730 0.08020 0.08110 0.08170 0.08280 0.08420 0.08610 0.08840 0.09060 0.09160 0.09170 0.09150 0.09180 0.09290 0.09600 0.10110
126	N9	      250.00  250.00  250.00   0.76512 0.78654 0.65038   91.08000 1.36000 -0.12000   0.61410 0.65470 0.68310 0.70090 0.72700 0.75780 0.77410 0.78640 0.79980 0.81040 0.81630 0.81520 0.80910 0.80090 0.79150 0.78320 0.77900 0.77280 0.76470 0.76620 0.77030 0.77830 0.78860 0.80180 0.81560 0.82840 0.84100 0.85180 0.85880 0.86100 0.86110 0.86040 0.86250 0.86520 0.86620 0.8703
127	O1	       55.00   55.00   55.00   0.07065 0.07025 0.05348   31.86000 2.91000 2.19000   0.05410 0.05770 0.06020 0.06180 0.06260 0.06290 0.06310 0.06400 0.06520 0.06590 0.06670 0.06790 0.06880 0.06750 0.06590 0.06660 0.06780 0.06560 0.06460 0.06860 0.07320 0.07570 0.07650 0.07710 0.07810 0.07940 0.08120 0.08330 0.08520 0.08630 0.08640 0.08590 0.08600 0.08740 0.09070 0.09410
128	O2	      205.00  205.00  205.00   0.45988 0.46030 0.34208   73.57000 4.60000 5.30000   0.32290 0.34420 0.35910 0.36850 0.38050 0.39400 0.40190 0.40950 0.41790 0.42480 0.43220 0.44290 0.45210 0.44760 0.43830 0.44090 0.44610 0.43450 0.42710 0.44650 0.47100 0.48710 0.49610 0.50430 0.51380 0.52360 0.53480 0.54630 0.55560 0.56010 0.56120 0.56070 0.56200 0.56620 0.57460 0.58700
129	O3	       90.00   90.00   90.00   0.11106 0.10870 0.07849   39.36000 4.65000 4.15000   0.07710 0.08220 0.08570 0.08800 0.08940 0.09060 0.09160 0.09350 0.09570 0.09730 0.09930 0.10240 0.10460 0.10240 0.09920 0.10080 0.10340 0.09920 0.09680 0.10470 0.11480 0.12070 0.12290 0.12430 0.12640 0.12910 0.13250 0.13670 0.14050 0.14250 0.14340 0.14320 0.14330 0.14490 0.14960 0.15670
130	O4	       45.00   45.00   45.00   0.06158 0.06176 0.04797   29.85000 2.22000 1.58000   0.04900 0.05220 0.05450 0.05590 0.05640 0.05660 0.05670 0.05740 0.05850 0.05920 0.05980 0.06060 0.06100 0.05990 0.05870 0.05930 0.06000 0.05840 0.05770 0.06060 0.06380 0.06560 0.06600 0.06630 0.06720 0.06810 0.06950 0.07120 0.07280 0.07360 0.07340 0.07310 0.07300 0.07410 0.07700 0.08140
131	O5	      140.00  140.00  140.00   0.20709 0.20198 0.14010   52.06000 6.07000 6.60000   0.13410 0.14300 0.14920 0.15300 0.15680 0.16020 0.16270 0.16630 0.17020 0.17360 0.17820 0.18610 0.19270 0.18950 0.18330 0.18630 0.19120 0.18310 0.17840 0.19370 0.21370 0.22570 0.23100 0.23460 0.23940 0.24500 0.25170 0.25920 0.26620 0.26980 0.27130 0.27080 0.27060 0.27410 0.28130 0.29330
132	O6	      165.00  165.00  165.00   0.27686 0.27155 0.18880   59.12000 6.08000 7.19000   0.18090 0.19280 0.20120 0.20640 0.21110 0.21610 0.21970 0.22420 0.22930 0.23340 0.23940 0.25070 0.26010 0.25660 0.24870 0.25250 0.25840 0.24810 0.24210 0.26110 0.28580 0.30090 0.30770 0.31250 0.31860 0.32550 0.33380 0.34320 0.35140 0.35560 0.35690 0.35670 0.35770 0.36060 0.36920 0.38310
133	O7	      190.00  190.00  190.00   0.37622 0.37305 0.26799   67.51000 5.43000 6.50000   0.25250 0.26920 0.28090 0.28820 0.29690 0.30690 0.31330 0.31990 0.32670 0.33260 0.33940 0.35120 0.36170 0.35790 0.34890 0.35240 0.35850 0.34690 0.33990 0.36050 0.38680 0.40340 0.41180 0.41850 0.42650 0.43540 0.44560 0.45650 0.46580 0.47060 0.47170 0.47150 0.47250 0.47600 0.48440 0.49830
134	O8	       90.00   90.00   90.00   0.11085 0.10844 0.07826   39.32000 4.69000 4.17000   0.07740 0.08250 0.08600 0.08830 0.08970 0.09060 0.09150 0.09310 0.09530 0.09680 0.09880 0.10220 0.10440 0.10220 0.09890 0.10050 0.10310 0.09880 0.09650 0.10450 0.11450 0.12050 0.12270 0.12410 0.12630 0.12900 0.13230 0.13660 0.14020 0.14230 0.14290 0.14270 0.14260 0.14480 0.14830 0.15600
135	O9	       95.00   95.00   95.00   0.11701 0.11437 0.08177   40.31000 4.84000 4.53000   0.08000 0.08530 0.08900 0.09130 0.09290 0.09440 0.09540 0.09730 0.09950 0.10130 0.10340 0.10710 0.10980 0.10760 0.10420 0.10590 0.10860 0.10410 0.10160 0.11020 0.12100 0.12730 0.12970 0.13130 0.13370 0.13660 0.14040 0.14480 0.14880 0.15100 0.15190 0.15200 0.15230 0.15390 0.15880 0.16650
136	P1	       85.00   85.00   85.00   0.10480 0.10276 0.07454   38.33000 4.42000 3.94000   0.07330 0.07810 0.08150 0.08360 0.08530 0.08640 0.08720 0.08870 0.09080 0.09220 0.09420 0.09710 0.09910 0.09710 0.09410 0.09560 0.09790 0.09400 0.09180 0.09920 0.10840 0.11370 0.11570 0.11700 0.11900 0.12150 0.12460 0.12850 0.13190 0.13360 0.13440 0.13410 0.13410 0.13610 0.14050 0.14710
137	P2	      215.00  215.00  215.00   0.51612 0.51955 0.39651   77.25000 4.01000 4.13000   0.37390 0.39860 0.41590 0.42670 0.44160 0.45850 0.46780 0.47620 0.48540 0.49280 0.49920 0.50840 0.51560 0.51030 0.50070 0.50200 0.50610 0.49480 0.48720 0.50460 0.52680 0.54190 0.55120 0.56030 0.57060 0.58100 0.59260 0.60420 0.61330 0.61750 0.61840 0.61800 0.61910 0.62300 0.63060 0.64160
138	P3	       75.00   75.00   75.00   0.09167 0.09034 0.06629   36.05000 3.85000 3.44000   0.06560 0.06990 0.07300 0.07490 0.07630 0.07710 0.07770 0.07900 0.08060 0.08190 0.08360 0.08590 0.08760 0.08590 0.08330 0.08460 0.08650 0.08330 0.08150 0.08760 0.09490 0.09900 0.10060 0.10160 0.10320 0.10530 0.10790 0.11110 0.11400 0.11540 0.11610 0.11560 0.11600 0.11760 0.12180 0.12830
139	P4	      240.00  240.00  240.00   0.68631 0.70194 0.56464   87.09000 2.07000 1.51000   0.53140 0.56650 0.59110 0.60650 0.62880 0.65550 0.67000 0.68130 0.69340 0.70300 0.71000 0.71360 0.71350 0.70710 0.69810 0.69340 0.69230 0.68460 0.67690 0.68420 0.69430 0.70480 0.71480 0.72680 0.73960 0.75170 0.76430 0.77560 0.78350 0.78650 0.78700 0.78640 0.78840 0.79150 0.79500 0.80120
140	P5	      190.00  190.00  190.00   0.37687 0.37360 0.26880   67.55000 5.46000 6.44000   0.25400 0.27080 0.28260 0.28990 0.29840 0.30790 0.31410 0.32080 0.32800 0.33360 0.34010 0.35200 0.36250 0.35840 0.34940 0.35290 0.35900 0.34740 0.34030 0.36080 0.38730 0.40400 0.41230 0.41920 0.42740 0.43620 0.44650 0.45750 0.46670 0.47160 0.47280 0.47260 0.47360 0.47800 0.48650 0.49990
141	P6	       10.00   10.00   10.00   0.04399 0.04515 0.03689   25.31000 0.62000 0.24000   0.03770 0.04020 0.04190 0.04300 0.04400 0.04420 0.04410 0.04440 0.04510 0.04510 0.04540 0.04580 0.04530 0.04480 0.04460 0.04460 0.04470 0.04430 0.04420 0.04500 0.04560 0.04570 0.04570 0.04590 0.04620 0.04660 0.04730 0.04800 0.04850 0.04860 0.04870 0.04850 0.04860 0.04950 0.05070 0.05220
142	P7	      235.00  235.00  235.00   0.64960 0.66253 0.52639   85.13000 2.44000 2.19000   0.49580 0.52850 0.55150 0.56580 0.58650 0.61040 0.62350 0.63430 0.64600 0.65530 0.66220 0.66770 0.66960 0.66330 0.65450 0.65160 0.65200 0.64340 0.63590 0.64600 0.65920 0.67080 0.68050 0.69160 0.70350 0.71490 0.72690 0.73790 0.74600 0.74920 0.74970 0.74930 0.75130 0.75490 0.75950 0.76690
143	P8	       35.00   35.00   35.00   0.05525 0.05579 0.04388   28.32000 1.71000 1.22000   0.04510 0.04800 0.05010 0.05140 0.05190 0.05200 0.05210 0.05260 0.05350 0.05400 0.05440 0.05500 0.05530 0.05460 0.05360 0.05400 0.05450 0.05330 0.05280 0.05500 0.05730 0.05850 0.05890 0.05900 0.05960 0.06030 0.06140 0.06290 0.06410 0.06450 0.06480 0.06420 0.06440 0.06540 0.06750 0.07140
144	P9	      115.00  115.00  115.00   0.15024 0.14629 0.10286   45.12000 5.60000 5.47000   0.10020 0.10690 0.11150 0.11440 0.11660 0.11830 0.11970 0.12220 0.12500 0.12750 0.13040 0.13540 0.13960 0.13700 0.13230 0.13480 0.13840 0.13240 0.12890 0.14040 0.15510 0.16380 0.16740 0.16970 0.17310 0.17700 0.18200 0.18800 0.19330 0.19620 0.19710 0.19670 0.19730 0.19890 0.20500 0.21400
145	Q1	       85.00   85.00   85.00   0.10447 0.10241 0.07411   38.27000 4.44000 4.01000   0.07270 0.07750 0.08090 0.08300 0.08480 0.08590 0.08670 0.08820 0.09020 0.09170 0.09340 0.09640 0.09870 0.09680 0.09380 0.09520 0.09750 0.09360 0.09150 0.09880 0.10800 0.11340 0.11530 0.11670 0.11870 0.12120 0.12440 0.12830 0.13160 0.13340 0.13430 0.13380 0.13380 0.13570 0.14020 0.14700
146	Q2	       30.00   30.00   30.00   0.05267 0.05329 0.04228   27.65000 1.56000 0.98000   0.04360 0.04650 0.04850 0.04970 0.05000 0.05020 0.05030 0.05080 0.05160 0.05210 0.05220 0.05270 0.05290 0.05210 0.05140 0.05170 0.05210 0.05110 0.05070 0.05270 0.05470 0.05570 0.05590 0.05600 0.05650 0.05710 0.05810 0.05950 0.06040 0.06080 0.06090 0.06090 0.06100 0.06250 0.06460 0.06660
147	Q3	       50.00   50.00   50.00   0.06553 0.06541 0.05009   30.74000 2.59000 1.98000   0.05040 0.05380 0.05610 0.05760 0.05870 0.05910 0.05920 0.06000 0.06110 0.06170 0.06230 0.06360 0.06420 0.06300 0.06170 0.06230 0.06330 0.06140 0.06060 0.06410 0.06800 0.07010 0.07070 0.07110 0.07200 0.07310 0.07460 0.07660 0.07840 0.07930 0.07910 0.07890 0.07920 0.08040 0.08320 0.08750
148	Q4	      140.00  140.00  140.00   0.20591 0.20081 0.13911   51.93000 6.07000 6.63000   0.13390 0.14280 0.14900 0.15280 0.15620 0.15930 0.16170 0.16510 0.16870 0.17210 0.17690 0.18480 0.19130 0.18810 0.18210 0.18520 0.19010 0.18200 0.17740 0.19270 0.21260 0.22470 0.22980 0.23330 0.23810 0.24350 0.25010 0.25750 0.26440 0.26830 0.26920 0.26850 0.26880 0.27160 0.27930 0.28980
149	Q5	      190.00  190.00  190.00   0.37999 0.37678 0.27092   67.78000 5.45000 6.48000   0.25570 0.27260 0.28440 0.29180 0.30070 0.31060 0.31690 0.32350 0.33050 0.33600 0.34240 0.35440 0.36510 0.36130 0.35250 0.35590 0.36210 0.35060 0.34360 0.36410 0.39060 0.40720 0.41560 0.42250 0.43070 0.43980 0.45000 0.46120 0.47040 0.47500 0.47620 0.47620 0.47770 0.48140 0.49000 0.50400
150	Q6	       60.00   60.00   60.00   0.07435 0.07374 0.05581   32.64000 3.15000 2.38000   0.05600 0.05970 0.06230 0.06390 0.06490 0.06550 0.06580 0.06680 0.06790 0.06890 0.06990 0.07130 0.07210 0.07070 0.06890 0.06970 0.07090 0.06860 0.06740 0.07180 0.07700 0.07990 0.08090 0.08140 0.08250 0.08400 0.08590 0.08820 0.09030 0.09160 0.09170 0.09130 0.09190 0.09310 0.09650 0.10120
151	Q7	      105.00  105.00  105.00   0.13131 0.12801 0.09064   42.46000 5.25000 5.02000   0.08780 0.09360 0.09770 0.10020 0.10270 0.10440 0.10570 0.10780 0.11030 0.11240 0.11460 0.11890 0.12240 0.12000 0.11600 0.11810 0.12130 0.11610 0.11310 0.12300 0.13570 0.14310 0.14610 0.14800 0.15080 0.15420 0.15840 0.16350 0.16820 0.17080 0.17150 0.17170 0.17170 0.17360 0.17890 0.18750
152	Q8	       95.00   95.00   95.00   0.11741 0.11469 0.08233   40.36000 4.90000 4.41000   0.08060 0.08600 0.08970 0.09200 0.09380 0.09520 0.09610 0.09800 0.10020 0.10190 0.10410 0.10780 0.11010 0.10790 0.10430 0.10610 0.10890 0.10430 0.10180 0.11040 0.12130 0.12770 0.13020 0.13170 0.13410 0.13700 0.14070 0.14530 0.14930 0.15150 0.15220 0.15230 0.15200 0.15390 0.15870 0.16680
153	Q9	      190.00  190.00  190.00   0.38017 0.37711 0.27104   67.81000 5.40000 6.50000   0.25560 0.27250 0.28430 0.29170 0.30150 0.31150 0.31730 0.32330 0.33020 0.33580 0.34280 0.35500 0.36560 0.36160 0.35280 0.35630 0.36250 0.35090 0.34410 0.36460 0.39110 0.40780 0.41610 0.42270 0.43080 0.43950 0.44950 0.46040 0.46950 0.47400 0.47520 0.47490 0.47600 0.47960 0.48780 0.50180
154	R1	      195.00  195.00  195.00   0.40376 0.40172 0.29095   69.59000 5.14000 6.28000   0.27460 0.29270 0.30540 0.31340 0.32320 0.33380 0.34060 0.34740 0.35470 0.36090 0.36840 0.38040 0.39080 0.38690 0.37790 0.38120 0.38720 0.37560 0.36850 0.38890 0.41490 0.43150 0.44000 0.44710 0.45580 0.46490 0.47530 0.48640 0.49580 0.50030 0.50170 0.50130 0.50250 0.50660 0.51510 0.52750
155	R2	       65.00   65.00   65.00   0.07948 0.07863 0.05866   33.70000 3.40000 2.84000   0.05910 0.06300 0.06580 0.06750 0.06810 0.06850 0.06880 0.06990 0.07140 0.07250 0.07370 0.07540 0.07660 0.07500 0.07300 0.07400 0.07550 0.07290 0.07160 0.07650 0.08230 0.08560 0.08680 0.08750 0.08880 0.09030 0.09260 0.09510 0.09740 0.09890 0.09900 0.09870 0.09890 0.10010 0.10330 0.10850
156	R3	       15.00   15.00   15.00   0.04579 0.04679 0.03784   25.80000 0.90000 0.48000   0.03980 0.04240 0.04420 0.04540 0.04530 0.04530 0.04510 0.04560 0.04610 0.04630 0.04680 0.04670 0.04660 0.04620 0.04580 0.04600 0.04620 0.04560 0.04550 0.04660 0.04750 0.04780 0.04800 0.04810 0.04840 0.04890 0.04950 0.05040 0.05120 0.05150 0.05110 0.05110 0.05160 0.05250 0.05420 0.05540
157	R4	      170.00  170.00  170.00   0.29656 0.29105 0.20200   60.87000 6.15000 7.43000   0.19280 0.20550 0.21440 0.22000 0.22510 0.23090 0.23500 0.24000 0.24540 0.24990 0.25620 0.26830 0.27840 0.27520 0.26700 0.27080 0.27710 0.26630 0.26000 0.27980 0.30590 0.32190 0.32930 0.33470 0.34140 0.34900 0.35780 0.36760 0.37630 0.38090 0.38210 0.38160 0.38220 0.38580 0.39530 0.40910
158	R5	      105.00  105.00  105.00   0.13393 0.13051 0.09236   42.84000 5.32000 5.07000   0.09040 0.09630 0.10050 0.10310 0.10510 0.10640 0.10760 0.10980 0.11230 0.11430 0.11670 0.12140 0.12480 0.12230 0.11830 0.12040 0.12360 0.11830 0.11530 0.12540 0.13830 0.14590 0.14900 0.15100 0.15380 0.15730 0.16180 0.16710 0.17190 0.17460 0.17560 0.17550 0.17550 0.17720 0.18310 0.19170
159	R6	      220.00  220.00  220.00   0.55405 0.55909 0.43211   79.56000 3.78000 3.56000   0.40730 0.43420 0.45300 0.46480 0.48150 0.50020 0.51030 0.51970 0.52980 0.53710 0.54380 0.55160 0.55750 0.55170 0.54190 0.54220 0.54560 0.53460 0.52690 0.54340 0.56420 0.57910 0.58880 0.59870 0.60980 0.62080 0.63270 0.64440 0.65340 0.65740 0.65830 0.65790 0.65980 0.66310 0.67040 0.68130
160	R7	      170.00  170.00  170.00   0.29697 0.29124 0.20300   60.89000 6.24000 7.25000   0.19280 0.20560 0.21450 0.22010 0.22610 0.23220 0.23640 0.24140 0.24700 0.25100 0.25730 0.26900 0.27890 0.27530 0.26700 0.27080 0.27700 0.26630 0.25990 0.27990 0.30620 0.32230 0.32960 0.33500 0.34190 0.34950 0.35830 0.36810 0.37680 0.38130 0.38260 0.38240 0.38270 0.38620 0.39520 0.40920
161	R8	      100.00  100.00  100.00   0.12483 0.12186 0.08671   41.51000 5.05000 4.78000   0.08430 0.08990 0.09370 0.09620 0.09840 0.10010 0.10120 0.10320 0.10550 0.10730 0.10960 0.11380 0.11670 0.11450 0.11070 0.11260 0.11560 0.11070 0.10800 0.11720 0.12900 0.13590 0.13860 0.14040 0.14290 0.14610 0.15020 0.15500 0.15950 0.16200 0.16280 0.16260 0.16300 0.16490 0.16990 0.17830
162	R9	      150.00  150.00  150.00   0.23418 0.22879 0.15917   54.95000 6.15000 6.77000   0.15280 0.16290 0.16990 0.17430 0.17820 0.18230 0.18530 0.18910 0.19330 0.19680 0.20220 0.21080 0.21850 0.21520 0.20820 0.21150 0.21690 0.20790 0.20280 0.21960 0.24160 0.25510 0.26100 0.26500 0.27030 0.27630 0.28340 0.29160 0.29890 0.30300 0.30430 0.30400 0.30430 0.30730 0.31540 0.32740
163	S1	      195.00  195.00  195.00   0.40516 0.40320 0.29242   69.70000 5.12000 6.22000   0.27690 0.29520 0.30800 0.31600 0.32580 0.33680 0.34300 0.34920 0.35620 0.36220 0.36920 0.38160 0.39190 0.38810 0.37930 0.38260 0.38870 0.37720 0.37020 0.39060 0.41670 0.43330 0.44170 0.44860 0.45670 0.46550 0.47590 0.48670 0.49590 0.50050 0.50130 0.50110 0.50240 0.50600 0.51480 0.52790
164	S2	      145.00  145.00  145.00   0.21929 0.21414 0.14854   53.40000 6.06000 6.73000   0.14230 0.15170 0.15830 0.16240 0.16640 0.17020 0.17280 0.17640 0.18020 0.18400 0.18870 0.19670 0.20430 0.20120 0.19470 0.19790 0.20300 0.19450 0.18960 0.20560 0.22630 0.23900 0.24440 0.24820 0.25320 0.25900 0.26600 0.27380 0.28090 0.28460 0.28600 0.28600 0.28620 0.28930 0.29730 0.30900
165	S3	      110.00  110.00  110.00   0.14182 0.13808 0.09744   43.96000 5.50000 5.25000   0.09500 0.10130 0.10570 0.10840 0.11060 0.11230 0.11370 0.11590 0.11860 0.12020 0.12300 0.12840 0.13190 0.12930 0.12500 0.12720 0.13070 0.12490 0.12170 0.13250 0.14640 0.15470 0.15800 0.16020 0.16320 0.16690 0.17150 0.17700 0.18220 0.18510 0.18570 0.18580 0.18590 0.18790 0.19290 0.20240
166	S4	      120.00  120.00  120.00   0.16019 0.15601 0.10952   46.45000 5.71000 5.65000   0.10650 0.11360 0.11850 0.12160 0.12380 0.12600 0.12770 0.13010 0.13300 0.13570 0.13870 0.14430 0.14900 0.14620 0.14110 0.14370 0.14760 0.14120 0.13760 0.14970 0.16540 0.17480 0.17870 0.18120 0.18460 0.18880 0.19390 0.20010 0.20560 0.20880 0.20970 0.20940 0.21010 0.21230 0.21810 0.22820
167	S5	       85.00   85.00   85.00   0.10433 0.10232 0.07433   38.26000 4.39000 3.89000   0.07340 0.07830 0.08160 0.08380 0.08510 0.08610 0.08690 0.08850 0.09050 0.09200 0.09390 0.09670 0.09890 0.09680 0.09370 0.09520 0.09760 0.09360 0.09140 0.09870 0.10780 0.11310 0.11510 0.11640 0.11840 0.12090 0.12410 0.12790 0.13120 0.13330 0.13380 0.13330 0.13350 0.13520 0.13970 0.14690
168	S6	      255.00  255.00  255.00   0.80128 0.82596 0.69088   92.84000 0.95000 -0.85000   0.65210 0.69520 0.72530 0.74420 0.77270 0.80580 0.82290 0.83610 0.85010 0.86140 0.86710 0.86330 0.85480 0.84580 0.83630 0.82580 0.81990 0.81440 0.80580 0.80420 0.80510 0.81160 0.82190 0.83580 0.85000 0.86260 0.87510 0.88540 0.89190 0.89340 0.89340 0.89260 0.89450 0.89670 0.89670 0.8992
169	S7	      145.00  145.00  145.00   0.21946 0.21423 0.14859   53.41000 6.10000 6.73000   0.14250 0.15190 0.15850 0.16270 0.16670 0.17030 0.17280 0.17650 0.18050 0.18380 0.18840 0.19700 0.20430 0.20110 0.19460 0.19780 0.20300 0.19440 0.18960 0.20570 0.22670 0.23940 0.24490 0.24850 0.25350 0.25910 0.26580 0.27360 0.28080 0.28470 0.28600 0.28580 0.28560 0.28930 0.29630 0.30770
170	S8	      245.00  245.00  245.00   0.72815 0.74698 0.60935   89.25000 1.65000 0.70000   0.57570 0.61370 0.64030 0.65700 0.68080 0.70860 0.72380 0.73550 0.74860 0.75930 0.76580 0.76740 0.76430 0.75690 0.74770 0.74120 0.73870 0.73170 0.72360 0.72780 0.73490 0.74400 0.75410 0.76670 0.78010 0.79250 0.80530 0.81630 0.82390 0.82660 0.82640 0.82600 0.82810 0.83100 0.83380 0.84020
171	S9	       45.00   45.00   45.00   0.06193 0.06206 0.04816   29.93000 2.28000 1.61000   0.05000 0.05330 0.05560 0.05700 0.05710 0.05700 0.05690 0.05760 0.05860 0.05920 0.05990 0.06080 0.06150 0.06020 0.05890 0.05950 0.06030 0.05860 0.05790 0.06090 0.06420 0.06600 0.06650 0.06680 0.06750 0.06850 0.06990 0.07170 0.07330 0.07410 0.07410 0.07410 0.07390 0.07520 0.07830 0.08200
172	T1	       90.00   90.00   90.00   0.11030 0.10799 0.07759   39.24000 4.61000 4.30000   0.07720 0.08230 0.08580 0.08810 0.08890 0.08970 0.09050 0.09230 0.09440 0.09590 0.09800 0.10140 0.10400 0.10180 0.09860 0.10020 0.10270 0.09850 0.09620 0.10410 0.11410 0.11990 0.12200 0.12350 0.12560 0.12840 0.13170 0.13590 0.13970 0.14170 0.14250 0.14240 0.14270 0.14460 0.14910 0.15570
173	T2	      175.00  175.00  175.00   0.31587 0.31040 0.21675   62.54000 6.14000 7.33000   0.20540 0.21900 0.22850 0.23450 0.24090 0.24790 0.25260 0.25780 0.26360 0.26810 0.27490 0.28700 0.29770 0.29410 0.28550 0.28940 0.29590 0.28460 0.27800 0.29850 0.32550 0.34230 0.35010 0.35580 0.36290 0.37080 0.38010 0.39030 0.39910 0.40390 0.40520 0.40440 0.40560 0.40910 0.41770 0.43300
174	T3	      175.00  175.00  175.00   0.31385 0.30836 0.21508   62.37000 6.15000 7.36000   0.20440 0.21800 0.22740 0.23330 0.23970 0.24610 0.25040 0.25560 0.26140 0.26630 0.27260 0.28490 0.29560 0.29210 0.28350 0.28740 0.29380 0.28270 0.27610 0.29660 0.32360 0.34020 0.34790 0.35360 0.36080 0.36860 0.37780 0.38800 0.39690 0.40140 0.40290 0.40220 0.40310 0.40670 0.41580 0.43000
175	T4	       10.00   10.00   10.00   0.04458 0.04572 0.03718   25.48000 0.67000 0.35000   0.03880 0.04140 0.04320 0.04430 0.04470 0.04470 0.04450 0.04480 0.04530 0.04540 0.04570 0.04570 0.04570 0.04540 0.04510 0.04520 0.04520 0.04480 0.04470 0.04550 0.04610 0.04640 0.04640 0.04660 0.04690 0.04730 0.04800 0.04870 0.04920 0.04940 0.04920 0.04890 0.04940 0.05000 0.05150 0.05330
176	T5	        5.00    5.00    5.00   0.04234 0.04356 0.03584   24.82000 0.46000 0.07000   0.03840 0.04090 0.04270 0.04380 0.04350 0.04290 0.04260 0.04300 0.04370 0.04410 0.04420 0.04400 0.04370 0.04340 0.04320 0.04320 0.04320 0.04300 0.04290 0.04340 0.04370 0.04390 0.04390 0.04400 0.04430 0.04460 0.04520 0.04580 0.04630 0.04650 0.04640 0.04650 0.04690 0.04770 0.04820 0.04990
177	T6	      225.00  225.00  225.00   0.58152 0.58877 0.45748   81.22000 3.37000 3.33000   0.43270 0.46130 0.48130 0.49380 0.51080 0.53030 0.54100 0.55000 0.56020 0.56870 0.57570 0.58340 0.58880 0.58330 0.57370 0.57340 0.57610 0.56570 0.55810 0.57300 0.59200 0.60600 0.61580 0.62590 0.63720 0.64830 0.66030 0.67180 0.68060 0.68460 0.68550 0.68460 0.68660 0.69030 0.69630 0.70540
178	T7	      145.00  145.00  145.00   0.21722 0.21217 0.14742   53.19000 6.02000 6.64000   0.14130 0.15070 0.15720 0.16130 0.16550 0.16910 0.17150 0.17500 0.17900 0.18260 0.18710 0.19520 0.20240 0.19930 0.19290 0.19610 0.20110 0.19270 0.18800 0.20380 0.22430 0.23680 0.24220 0.24580 0.25050 0.25620 0.26300 0.27060 0.27760 0.28160 0.28250 0.28220 0.28260 0.28550 0.29320 0.30440
179	T8	       10.00   10.00   10.00   0.04371 0.04488 0.03663   25.22000 0.60000 0.26000   0.03800 0.04050 0.04230 0.04340 0.04390 0.04390 0.04360 0.04400 0.04460 0.04490 0.04540 0.04530 0.04510 0.04450 0.04420 0.04430 0.04440 0.04400 0.04390 0.04470 0.04530 0.04550 0.04550 0.04560 0.04590 0.04620 0.04690 0.04750 0.04810 0.04850 0.04830 0.04820 0.04870 0.04970 0.05090 0.05220
180	T9	      200.00  200.00  200.00   0.43354 0.43258 0.31781   71.73000 4.90000 5.75000   0.30030 0.32020 0.33410 0.34280 0.35390 0.36580 0.37290 0.38010 0.38800 0.39430 0.40150 0.41280 0.42270 0.41860 0.40950 0.41240 0.41810 0.40650 0.39930 0.41910 0.44450 0.46090 0.46990 0.47770 0.48680 0.49650 0.50740 0.51870 0.52810 0.53260 0.53370 0.53340 0.53460 0.53890 0.54650 0.55960
181	U1	       85.00   85.00   85.00   0.10426 0.10225 0.07421   38.24000 4.40000 3.92000   0.07340 0.07830 0.08170 0.08380 0.08540 0.08610 0.08680 0.08830 0.09020 0.09180 0.09370 0.09670 0.09860 0.09670 0.09360 0.09510 0.09740 0.09350 0.09140 0.09870 0.10780 0.11310 0.11510 0.11640 0.11830 0.12070 0.12390 0.12760 0.13100 0.13310 0.13400 0.13340 0.13370 0.13570 0.14050 0.14780
182	U2	      180.00  180.00  180.00   0.33512 0.32970 0.23234   64.14000 6.13000 7.08000   0.22070 0.23520 0.24540 0.25190 0.25890 0.26610 0.27100 0.27670 0.28280 0.28750 0.29430 0.30640 0.31690 0.31300 0.30420 0.30800 0.31450 0.30300 0.29620 0.31740 0.34500 0.36220 0.37030 0.37660 0.38420 0.39250 0.40200 0.41240 0.42150 0.42590 0.42740 0.42690 0.42780 0.43190 0.44000 0.45420
183	U3	      215.00  215.00  215.00   0.51678 0.52050 0.39615   77.31000 3.94000 4.28000   0.37320 0.39780 0.41510 0.42590 0.44100 0.45770 0.46710 0.47550 0.48470 0.49220 0.49910 0.50900 0.51640 0.51130 0.50180 0.50310 0.50720 0.49600 0.48840 0.50580 0.52790 0.54300 0.55220 0.56110 0.57120 0.58150 0.59300 0.60460 0.61370 0.61780 0.61890 0.61840 0.61970 0.62350 0.63090 0.64160
184	U4	      105.00  105.00  105.00   0.13350 0.13013 0.09222   42.78000 5.29000 5.02000   0.09030 0.09630 0.10050 0.10310 0.10470 0.10600 0.10730 0.10950 0.11210 0.11440 0.11720 0.12140 0.12450 0.12210 0.11790 0.12000 0.12320 0.11790 0.11500 0.12500 0.13790 0.14550 0.14850 0.15040 0.15330 0.15680 0.16110 0.16630 0.17110 0.17390 0.17450 0.17480 0.17510 0.17720 0.18230 0.19060
185	U5	      215.00  215.00  215.00   0.51718 0.52063 0.39759   77.32000 4.01000 4.10000   0.37540 0.40020 0.41760 0.42850 0.44350 0.46040 0.46960 0.47750 0.48650 0.49360 0.50030 0.50940 0.51660 0.51110 0.50160 0.50300 0.50710 0.49590 0.48830 0.50590 0.52820 0.54340 0.55270 0.56140 0.57130 0.58150 0.59290 0.60440 0.61360 0.61800 0.61900 0.61850 0.62010 0.62350 0.63100 0.64260
186	U6	       15.00   15.00   15.00   0.04539 0.04640 0.03771   25.68000 0.87000 0.36000   0.03970 0.04230 0.04410 0.04530 0.04580 0.04530 0.04490 0.04530 0.04580 0.04640 0.04660 0.04650 0.04630 0.04580 0.04560 0.04570 0.04580 0.04520 0.04510 0.04620 0.04700 0.04740 0.04750 0.04750 0.04790 0.04830 0.04900 0.04980 0.05050 0.05090 0.05080 0.05070 0.05100 0.05180 0.05360 0.05560
187	U7	      100.00  100.00  100.00   0.12491 0.12197 0.08669   41.53000 5.03000 4.82000   0.08430 0.08980 0.09370 0.09620 0.09820 0.09990 0.10120 0.10320 0.10550 0.10710 0.10970 0.11390 0.11690 0.11460 0.11090 0.11270 0.11580 0.11080 0.10800 0.11730 0.12910 0.13600 0.13870 0.14040 0.14310 0.14630 0.15030 0.15510 0.15950 0.16210 0.16280 0.16290 0.16290 0.16480 0.17000 0.17730
188	U8	       25.00   25.00   25.00   0.05013 0.05083 0.04070   26.97000 1.40000 0.74000   0.04240 0.04520 0.04720 0.04840 0.04880 0.04870 0.04850 0.04890 0.04970 0.04980 0.05020 0.05050 0.05060 0.04980 0.04920 0.04950 0.04980 0.04890 0.04860 0.05040 0.05210 0.05280 0.05310 0.05310 0.05360 0.05410 0.05500 0.05610 0.05690 0.05720 0.05720 0.05720 0.05710 0.05800 0.05960 0.06260
189	U9	       65.00   65.00   65.00   0.07962 0.07875 0.05899   33.72000 3.42000 2.72000   0.05960 0.06350 0.06630 0.06800 0.06870 0.06890 0.06920 0.07030 0.07180 0.07330 0.07410 0.07560 0.07680 0.07520 0.07320 0.07420 0.07560 0.07300 0.07160 0.07650 0.08240 0.08580 0.08690 0.08760 0.08880 0.09050 0.09270 0.09520 0.09750 0.09920 0.09940 0.09900 0.09930 0.10090 0.10420 0.10910
190	V1	      240.00  240.00  240.00   0.68850 0.70440 0.56716   87.21000 2.02000 1.45000   0.53420 0.56950 0.59420 0.60970 0.63240 0.65860 0.67240 0.68420 0.69670 0.70650 0.71320 0.71640 0.71620 0.70990 0.70070 0.69610 0.69500 0.68730 0.67940 0.68660 0.69680 0.70720 0.71710 0.72870 0.74130 0.75310 0.76570 0.77700 0.78490 0.78790 0.78840 0.78730 0.78940 0.79340 0.79660 0.80350
191	V2	      225.00  225.00  225.00   0.58252 0.58971 0.45792   81.28000 3.39000 3.37000   0.43210 0.46070 0.48060 0.49320 0.51050 0.53050 0.54150 0.55070 0.56110 0.56920 0.57580 0.58410 0.58970 0.58400 0.57450 0.57410 0.57700 0.56660 0.55880 0.57390 0.59310 0.60730 0.61710 0.62720 0.63840 0.64950 0.66140 0.67320 0.68190 0.68560 0.68650 0.68550 0.68730 0.69100 0.69740 0.70670
192	V3	       60.00   60.00   60.00   0.07438 0.07377 0.05557   32.65000 3.14000 2.51000   0.05590 0.05960 0.06210 0.06380 0.06470 0.06510 0.06540 0.06640 0.06780 0.06860 0.06940 0.07120 0.07220 0.07060 0.06890 0.06970 0.07090 0.06860 0.06750 0.07190 0.07710 0.08000 0.08090 0.08150 0.08260 0.08400 0.08600 0.08840 0.09050 0.09160 0.09180 0.09150 0.09200 0.09320 0.09620 0.10090
193	V4	       10.00   10.00   10.00   0.04369 0.04482 0.03666   25.20000 0.65000 0.21000   0.03930 0.04190 0.04370 0.04480 0.04430 0.04400 0.04370 0.04400 0.04460 0.04490 0.04520 0.04500 0.04490 0.04460 0.04430 0.04430 0.04430 0.04390 0.04380 0.04460 0.04520 0.04540 0.04550 0.04560 0.04590 0.04620 0.04700 0.04760 0.04810 0.04840 0.04850 0.04850 0.04860 0.04890 0.05020 0.05170
194	V5	       80.00   80.00   80.00   0.09787 0.09604 0.07042   37.12000 4.26000 3.54000   0.06920 0.07380 0.07700 0.07900 0.08070 0.08180 0.08260 0.08400 0.08580 0.08710 0.08880 0.09110 0.09270 0.09090 0.08810 0.08950 0.09150 0.08800 0.08600 0.09280 0.10120 0.10600 0.10780 0.10890 0.11070 0.11290 0.11590 0.11940 0.12250 0.12440 0.12480 0.12470 0.12480 0.12690 0.13190 0.13710
195	V6	      100.00  100.00  100.00   0.12446 0.12152 0.08623   41.46000 5.03000 4.86000   0.08430 0.08990 0.09380 0.09620 0.09820 0.09950 0.10050 0.10250 0.10490 0.10660 0.10900 0.11320 0.11640 0.11420 0.11040 0.11230 0.11530 0.11040 0.10770 0.11690 0.12870 0.13560 0.13820 0.13990 0.14250 0.14570 0.14990 0.15470 0.15900 0.16140 0.16250 0.16220 0.16240 0.16450 0.16950 0.17730
196	V7	      130.00  130.00  130.00   0.18128 0.17684 0.12298   49.11000 5.79000 6.22000   0.11780 0.12560 0.13110 0.13450 0.13780 0.14070 0.14280 0.14600 0.14960 0.15250 0.15630 0.16300 0.16870 0.16590 0.16040 0.16310 0.16760 0.16030 0.15620 0.16970 0.18720 0.19780 0.20220 0.20520 0.20920 0.21400 0.21970 0.22650 0.23280 0.23630 0.23710 0.23700 0.23740 0.24020 0.24680 0.25680
197	V8	      160.00  160.00  160.00   0.26034 0.25515 0.17703   57.57000 6.03000 7.12000   0.16880 0.18000 0.18780 0.19270 0.19800 0.20310 0.20620 0.21020 0.21490 0.21880 0.22410 0.23520 0.24410 0.24070 0.23330 0.23680 0.24260 0.23290 0.22730 0.24540 0.26900 0.28340 0.28970 0.29410 0.29960 0.30610 0.31390 0.32280 0.33060 0.33490 0.33600 0.33570 0.33610 0.33940 0.34830 0.36170
198	V9	      230.00  230.00  230.00   0.61401 0.62411 0.49063   83.13000 2.88000 2.74000   0.46330 0.49390 0.51540 0.52880 0.54740 0.56910 0.58080 0.59060 0.60140 0.61000 0.61720 0.62390 0.62800 0.62200 0.61270 0.61110 0.61260 0.60310 0.59540 0.60790 0.62390 0.63680 0.64640 0.65700 0.66870 0.68000 0.69210 0.70360 0.71180 0.71540 0.71620 0.71560 0.71770 0.72130 0.72730 0.73560
199	W1	       20.00   20.00   20.00   0.04823 0.04907 0.03955   26.47000 1.17000 0.57000   0.04050 0.04320 0.04510 0.04630 0.04700 0.04720 0.04720 0.04770 0.04840 0.04830 0.04860 0.04910 0.04920 0.04830 0.04770 0.04800 0.04820 0.04740 0.04720 0.04870 0.05010 0.05060 0.05070 0.05080 0.05130 0.05180 0.05260 0.05360 0.05450 0.05460 0.05480 0.05470 0.05480 0.05600 0.05730 0.05900
200	W2	      170.00  170.00  170.00   0.29568 0.29020 0.20172   60.80000 6.14000 7.36000   0.19270 0.20550 0.21440 0.22000 0.22520 0.23080 0.23490 0.23960 0.24510 0.24950 0.25570 0.26740 0.27780 0.27440 0.26620 0.27000 0.27630 0.26550 0.25920 0.27910 0.30520 0.32110 0.32830 0.33350 0.34020 0.34760 0.35630 0.36610 0.37470 0.37930 0.38040 0.38000 0.38070 0.38400 0.39320 0.40730
201	W3	        0.00    0.00    0.00   0.04081 0.04207 0.03470   24.34000 0.36000 0.01000   0.03690 0.03930 0.04100 0.04210 0.04240 0.04190 0.04160 0.04180 0.04220 0.04230 0.04230 0.04220 0.04220 0.04200 0.04200 0.04190 0.04180 0.04170 0.04160 0.04190 0.04210 0.04220 0.04220 0.04230 0.04260 0.04300 0.04350 0.04380 0.04440 0.04430 0.04460 0.04470 0.04490 0.04550 0.04620 0.04790
202	W4	       90.00   90.00   90.00   0.11066 0.10830 0.07788   39.29000 4.65000 4.27000   0.07700 0.08210 0.08560 0.08790 0.08920 0.09030 0.09100 0.09270 0.09480 0.09630 0.09800 0.10160 0.10410 0.10210 0.09880 0.10050 0.10300 0.09880 0.09640 0.10440 0.11440 0.12030 0.12250 0.12390 0.12600 0.12870 0.13220 0.13630 0.14000 0.14210 0.14290 0.14280 0.14320 0.14460 0.14940 0.15630
203	W5	       70.00   70.00   70.00   0.08641 0.08521 0.06308   35.04000 3.73000 3.13000   0.06280 0.06700 0.06990 0.07170 0.07290 0.07370 0.07410 0.07530 0.07690 0.07770 0.07880 0.08160 0.08270 0.08100 0.07880 0.07990 0.08160 0.07870 0.07710 0.08260 0.08940 0.09320 0.09470 0.09560 0.09710 0.09890 0.10130 0.10420 0.10680 0.10820 0.10850 0.10810 0.10830 0.11040 0.11370 0.11980
204	W6	      255.00  255.00  255.00   0.80693 0.83180 0.69599   93.09000 0.96000 -0.87000   0.65730 0.70070 0.73110 0.75020 0.77880 0.81250 0.82930 0.84210 0.85600 0.86750 0.87330 0.86980 0.86090 0.85210 0.84220 0.83160 0.82570 0.82010 0.81150 0.80990 0.81070 0.81760 0.82780 0.84160 0.85580 0.86850 0.88100 0.89140 0.89790 0.89940 0.89880 0.89830 0.90020 0.90230 0.90300 0.9057
205	W7	        5.00    5.00    5.00   0.04241 0.04365 0.03574   24.84000 0.45000 0.18000   0.03870 0.04130 0.04310 0.04420 0.04380 0.04300 0.04270 0.04300 0.04340 0.04370 0.04370 0.04380 0.04380 0.04350 0.04330 0.04330 0.04330 0.04310 0.04300 0.04350 0.04380 0.04400 0.04400 0.04410 0.04440 0.04480 0.04540 0.04590 0.04640 0.04650 0.04660 0.04630 0.04690 0.04800 0.04960 0.05110
206	W8	       40.00   40.00   40.00   0.05941 0.05970 0.04673   29.34000 2.07000 1.37000   0.04850 0.05170 0.05390 0.05530 0.05560 0.05530 0.05520 0.05590 0.05690 0.05760 0.05820 0.05880 0.05910 0.05800 0.05690 0.05750 0.05810 0.05670 0.05600 0.05870 0.06160 0.06310 0.06350 0.06380 0.06450 0.06540 0.06660 0.06820 0.06960 0.07020 0.07050 0.07030 0.07030 0.07120 0.07410 0.07690
207	W9	      250.00  250.00  250.00   0.76182 0.78309 0.64661   90.92000 1.37000 -0.04000   0.60820 0.64840 0.67650 0.69410 0.72070 0.75280 0.76970 0.78190 0.79530 0.80570 0.81180 0.81140 0.80580 0.79770 0.78820 0.77960 0.77540 0.76930 0.76110 0.76260 0.76670 0.77470 0.78520 0.79870 0.81280 0.82560 0.83860 0.84950 0.85670 0.85880 0.85860 0.85800 0.86070 0.86340 0.86460 0.8683
208	X1	        0.00    0.00    0.00   0.04055 0.04182 0.03468   24.27000 0.32000 -0.12000   0.03640 0.03880 0.04050 0.04160 0.04210 0.04190 0.04150 0.04170 0.04230 0.04250 0.04250 0.04220 0.04210 0.04190 0.04180 0.04170 0.04160 0.04140 0.04130 0.04160 0.04170 0.04180 0.04190 0.04200 0.04230 0.04270 0.04320 0.04350 0.04390 0.04400 0.04410 0.04400 0.04480 0.04560 0.04600 0.0473
209	X2	       60.00   60.00   60.00   0.07488 0.07430 0.05578   32.77000 3.12000 2.61000   0.05620 0.05990 0.06250 0.06410 0.06500 0.06550 0.06580 0.06670 0.06800 0.06850 0.06970 0.07130 0.07250 0.07120 0.06940 0.07020 0.07150 0.06920 0.06800 0.07250 0.07760 0.08050 0.08140 0.08210 0.08320 0.08470 0.08660 0.08900 0.09100 0.09210 0.09230 0.09180 0.09230 0.09370 0.09650 0.10140
210	X3	      200.00  200.00  200.00   0.43483 0.43399 0.31807   71.82000 4.87000 5.87000   0.29960 0.31940 0.33320 0.34190 0.35310 0.36530 0.37270 0.38010 0.38840 0.39500 0.40250 0.41440 0.42430 0.42010 0.41090 0.41380 0.41960 0.40780 0.40040 0.42050 0.44590 0.46240 0.47140 0.47920 0.48850 0.49830 0.50930 0.52070 0.53020 0.53490 0.53630 0.53590 0.53690 0.54130 0.54990 0.56140
211	X4	       75.00   75.00   75.00   0.09108 0.08975 0.06593   35.94000 3.85000 3.41000   0.06560 0.06990 0.07300 0.07490 0.07590 0.07680 0.07750 0.07860 0.08020 0.08120 0.08290 0.08560 0.08710 0.08530 0.08290 0.08400 0.08590 0.08260 0.08090 0.08690 0.09430 0.09850 0.10000 0.10100 0.10260 0.10450 0.10710 0.11030 0.11320 0.11480 0.11510 0.11470 0.11490 0.11710 0.12020 0.12600
212	X5	      245.00  245.00  245.00   0.72489 0.74358 0.60639   89.09000 1.66000 0.71000   0.57270 0.61060 0.63710 0.65370 0.67750 0.70570 0.72070 0.73200 0.74470 0.75510 0.76190 0.76400 0.76080 0.75350 0.74430 0.73790 0.73530 0.72820 0.72010 0.72450 0.73150 0.74060 0.75080 0.76350 0.77690 0.78930 0.80190 0.81280 0.82040 0.82280 0.82290 0.82180 0.82360 0.82710 0.82930 0.83560
213	X6	       20.00   20.00   20.00   0.04804 0.04891 0.03930   26.42000 1.13000 0.65000   0.04110 0.04390 0.04580 0.04700 0.04730 0.04700 0.04680 0.04720 0.04800 0.04810 0.04820 0.04890 0.04880 0.04810 0.04760 0.04790 0.04810 0.04730 0.04710 0.04860 0.04990 0.05050 0.05060 0.05070 0.05100 0.05150 0.05240 0.05340 0.05410 0.05440 0.05440 0.05370 0.05420 0.05570 0.05680 0.05900
214	X7	      125.00  125.00  125.00   0.17103 0.16665 0.11620   47.84000 5.78000 6.01000   0.11220 0.11960 0.12480 0.12810 0.13110 0.13330 0.13510 0.13800 0.14120 0.14390 0.14730 0.15390 0.15910 0.15610 0.15080 0.15350 0.15780 0.15090 0.14700 0.15990 0.17660 0.18660 0.19070 0.19350 0.19740 0.20200 0.20740 0.21400 0.22010 0.22340 0.22450 0.22420 0.22470 0.22720 0.23350 0.24460
215	X8	        5.00    5.00    5.00   0.04151 0.04270 0.03502   24.54000 0.48000 0.14000   0.03650 0.03890 0.04060 0.04170 0.04210 0.04210 0.04180 0.04200 0.04270 0.04300 0.04320 0.04310 0.04300 0.04270 0.04230 0.04230 0.04230 0.04210 0.04200 0.04250 0.04280 0.04300 0.04300 0.04320 0.04350 0.04390 0.04450 0.04500 0.04540 0.04570 0.04540 0.04550 0.04590 0.04660 0.04750 0.04910
216	X9	      140.00  140.00  140.00   0.20560 0.20049 0.13883   51.89000 6.07000 6.65000   0.13360 0.14240 0.14860 0.15250 0.15610 0.15920 0.16150 0.16480 0.16860 0.17150 0.17610 0.18410 0.19090 0.18790 0.18170 0.18480 0.18970 0.18170 0.17710 0.19250 0.21250 0.22460 0.22960 0.23310 0.23760 0.24300 0.24950 0.25680 0.26330 0.26700 0.26820 0.26800 0.26800 0.27160 0.27850 0.28930
217	Y1	      185.00  185.00  185.00   0.35547 0.35111 0.24978   65.84000 5.78000 6.81000   0.23710 0.25280 0.26370 0.27060 0.27840 0.28660 0.29180 0.29770 0.30420 0.30920 0.31590 0.32850 0.33890 0.33500 0.32600 0.32980 0.33630 0.32460 0.31760 0.33870 0.36600 0.38300 0.39110 0.39730 0.40500 0.41350 0.42340 0.43410 0.44340 0.44800 0.44920 0.44850 0.44970 0.45370 0.46260 0.47730
218	Y2	       20.00   20.00   20.00   0.04845 0.04924 0.03962   26.52000 1.24000 0.62000   0.04080 0.04340 0.04530 0.04650 0.04710 0.04730 0.04720 0.04760 0.04840 0.04870 0.04900 0.04910 0.04910 0.04830 0.04780 0.04810 0.04830 0.04750 0.04730 0.04890 0.05030 0.05100 0.05110 0.05120 0.05160 0.05200 0.05290 0.05400 0.05470 0.05510 0.05480 0.05470 0.05500 0.05570 0.05730 0.05950
219	Y3	      250.00  250.00  250.00   0.76625 0.78790 0.65057   91.14000 1.32000 -0.04000   0.61320 0.65370 0.68200 0.69980 0.72670 0.75780 0.77390 0.78630 0.79990 0.81100 0.81690 0.81620 0.81060 0.80260 0.79310 0.78470 0.78040 0.77420 0.76610 0.76760 0.77150 0.77950 0.78990 0.80320 0.81720 0.82970 0.84220 0.85300 0.86000 0.86190 0.86200 0.86130 0.86340 0.86610 0.86700 0.8715
220	Y4	       70.00   70.00   70.00   0.08580 0.08470 0.06254   34.94000 3.64000 3.20000   0.06220 0.06630 0.06910 0.07090 0.07230 0.07290 0.07340 0.07460 0.07610 0.07710 0.07860 0.08100 0.08230 0.08060 0.07840 0.07950 0.08120 0.07820 0.07670 0.08210 0.08890 0.09260 0.09400 0.09490 0.09630 0.09820 0.10060 0.10340 0.10590 0.10740 0.10750 0.10710 0.10730 0.10900 0.11270 0.11840
221	Y5	      115.00  115.00  115.00   0.15184 0.14777 0.10368   45.33000 5.67000 5.57000   0.10000 0.10660 0.11120 0.11410 0.11720 0.11930 0.12070 0.12320 0.12610 0.12840 0.13130 0.13670 0.14100 0.13830 0.13360 0.13600 0.13980 0.13360 0.13010 0.14170 0.15670 0.16570 0.16930 0.17170 0.17520 0.17920 0.18420 0.19010 0.19550 0.19860 0.19960 0.19960 0.19970 0.20180 0.20730 0.21670
222	Y6	      235.00  235.00  235.00   0.64852 0.66127 0.52567   85.06000 2.47000 2.16000   0.49540 0.52810 0.55100 0.56540 0.58640 0.61040 0.62290 0.63330 0.64470 0.65400 0.66140 0.66650 0.66840 0.66230 0.65320 0.65020 0.65060 0.64200 0.63450 0.64450 0.65780 0.66960 0.67950 0.69050 0.70250 0.71380 0.72590 0.73720 0.74550 0.74860 0.74910 0.74850 0.75050 0.75400 0.75910 0.76680
223	Y7	      200.00  200.00  200.00   0.43179 0.43115 0.31587   71.63000 4.81000 5.88000   0.29730 0.31700 0.33070 0.33940 0.35150 0.36430 0.37110 0.37760 0.38500 0.39140 0.39870 0.41090 0.42130 0.41730 0.40830 0.41130 0.41700 0.40540 0.39820 0.41800 0.44320 0.45950 0.46820 0.47570 0.48460 0.49400 0.50480 0.51620 0.52560 0.53000 0.53100 0.53070 0.53200 0.53630 0.54410 0.55630
224	Y8	       30.00   30.00   30.00   0.05264 0.05326 0.04208   27.64000 1.56000 1.09000   0.04300 0.04580 0.04780 0.04910 0.04980 0.05000 0.05010 0.05050 0.05130 0.05180 0.05200 0.05260 0.05290 0.05210 0.05140 0.05170 0.05210 0.05110 0.05070 0.05260 0.05460 0.05560 0.05590 0.05610 0.05660 0.05730 0.05830 0.05950 0.06060 0.06110 0.06090 0.06060 0.06080 0.06190 0.06390 0.06680
225	Y9	      130.00  130.00  130.00   0.18157 0.17706 0.12305   49.14000 5.82000 6.25000   0.11880 0.12670 0.13220 0.13560 0.13830 0.14080 0.14290 0.14610 0.14960 0.15240 0.15620 0.16300 0.16890 0.16600 0.16050 0.16330 0.16770 0.16050 0.15640 0.16990 0.18760 0.19820 0.20260 0.20560 0.20970 0.21440 0.22020 0.22690 0.23320 0.23660 0.23760 0.23740 0.23790 0.24080 0.24690 0.25670
226	Z1	      115.00  115.00  115.00   0.15172 0.14773 0.10367   45.32000 5.62000 5.56000   0.10100 0.10770 0.11240 0.11530 0.11740 0.11920 0.12070 0.12320 0.12600 0.12830 0.13130 0.13660 0.14080 0.13820 0.13360 0.13600 0.13980 0.13370 0.13030 0.14180 0.15670 0.16560 0.16920 0.17150 0.17480 0.17880 0.18370 0.18960 0.19490 0.19800 0.19910 0.19910 0.19940 0.20170 0.20700 0.21630
227	Z2	       15.00   15.00   15.00   0.04610 0.04710 0.03816   25.89000 0.90000 0.44000   0.04010 0.04280 0.04460 0.04580 0.04600 0.04570 0.04560 0.04580 0.04660 0.04670 0.04690 0.04710 0.04710 0.04660 0.04620 0.04630 0.04650 0.04590 0.04570 0.04690 0.04780 0.04820 0.04820 0.04830 0.04870 0.04920 0.04990 0.05070 0.05140 0.05160 0.05160 0.05160 0.05190 0.05260 0.05390 0.05620
228	Z3	      165.00  165.00  165.00   0.27594 0.27052 0.18805   59.02000 6.12000 7.19000   0.17970 0.19150 0.19980 0.20510 0.20990 0.21520 0.21890 0.22340 0.22840 0.23260 0.23850 0.24950 0.25890 0.25540 0.24750 0.25130 0.25730 0.24700 0.24110 0.26010 0.28490 0.30000 0.30680 0.31150 0.31760 0.32460 0.33280 0.34220 0.35040 0.35460 0.35610 0.35580 0.35630 0.35930 0.36830 0.38170
229	Z4	      135.00  135.00  135.00   0.19281 0.18805 0.13056   50.46000 5.93000 6.41000   0.12600 0.13430 0.14010 0.14380 0.14690 0.14980 0.15190 0.15480 0.15840 0.16150 0.16600 0.17310 0.17930 0.17630 0.17050 0.17340 0.17810 0.17040 0.16600 0.18050 0.19920 0.21050 0.21520 0.21830 0.22260 0.22760 0.23370 0.24070 0.24730 0.25090 0.25200 0.25170 0.25220 0.25520 0.26210 0.27400
230	Z5	      180.00  180.00  180.00   0.33360 0.32844 0.23076   64.03000 6.04000 7.20000   0.21870 0.23320 0.24330 0.24970 0.25680 0.26420 0.26900 0.27450 0.28060 0.28580 0.29280 0.30510 0.31570 0.31190 0.30300 0.30700 0.31350 0.30200 0.29520 0.31630 0.34380 0.36100 0.36880 0.37480 0.38220 0.39040 0.39990 0.41030 0.41940 0.42380 0.42510 0.42430 0.42530 0.42910 0.43830 0.45260
231	Z6	      205.00  205.00  205.00   0.45721 0.45780 0.34025   73.40000 4.54000 5.28000   0.32140 0.34270 0.35750 0.36690 0.37900 0.39240 0.39990 0.40740 0.41560 0.42230 0.42940 0.44010 0.44930 0.44510 0.43610 0.43860 0.44390 0.43240 0.42510 0.44430 0.46860 0.48450 0.49330 0.50120 0.51040 0.51990 0.53080 0.54210 0.55160 0.55600 0.55710 0.55690 0.55780 0.56220 0.57010 0.58290
232	Z7	      240.00  240.00  240.00   0.68640 0.70225 0.56349   87.11000 2.02000 1.65000   0.52970 0.56470 0.58920 0.60450 0.62680 0.65350 0.66800 0.67960 0.69180 0.70190 0.70920 0.71350 0.71360 0.70730 0.69830 0.69380 0.69270 0.68510 0.67730 0.68460 0.69480 0.70520 0.71520 0.72710 0.74000 0.75200 0.76470 0.77580 0.78360 0.78650 0.78700 0.78660 0.78800 0.79180 0.79550 0.80250
233	Z8	        0.00    0.00    0.00   0.04075 0.04195 0.03465   24.31000 0.43000 -0.02000   0.03640 0.03880 0.04040 0.04150 0.04200 0.04180 0.04140 0.04170 0.04220 0.04250 0.04250 0.04230 0.04200 0.04190 0.04170 0.04170 0.04160 0.04150 0.04140 0.04180 0.04190 0.04210 0.04210 0.04230 0.04270 0.04300 0.04340 0.04390 0.04440 0.04480 0.04460 0.04470 0.04530 0.04600 0.04640 0.0477
234	Z9	      185.00  185.00  185.00   0.35421 0.34983 0.24899   65.74000 5.79000 6.78000   0.23650 0.25210 0.26300 0.26990 0.27710 0.28550 0.29080 0.29670 0.30330 0.30850 0.31510 0.32710 0.33780 0.33380 0.32480 0.32860 0.33500 0.32340 0.31640 0.33740 0.36470 0.38170 0.38980 0.39600 0.40370 0.41210 0.42180 0.43240 0.44150 0.44600 0.44730 0.44700 0.44780 0.45160 0.45970 0.47420
235	2A1	      245.00  245.00  245.00   0.72450 0.74324 0.60707   89.08000 1.65000 0.62000   0.57270 0.61060 0.63700 0.65360 0.67790 0.70610 0.72110 0.73320 0.74620 0.75630 0.76230 0.76410 0.76100 0.75350 0.74420 0.73780 0.73510 0.72790 0.71980 0.72400 0.73090 0.73990 0.75000 0.76270 0.77610 0.78850 0.80120 0.81210 0.81960 0.82200 0.82230 0.82170 0.82340 0.82620 0.82910 0.83530
236	2A2	      195.00  195.00  195.00   0.40389 0.40178 0.29142   69.60000 5.16000 6.21000   0.27630 0.29460 0.30740 0.31540 0.32470 0.33510 0.34150 0.34790 0.35510 0.36120 0.36840 0.38040 0.39080 0.38690 0.37790 0.38120 0.38730 0.37560 0.36850 0.38890 0.41500 0.43170 0.44020 0.44740 0.45580 0.46470 0.47500 0.48610 0.49540 0.49990 0.50110 0.50100 0.50230 0.50610 0.51440 0.52770
237	2A3	      225.00  225.00  225.00   0.57655 0.58382 0.45331   80.95000 3.34000 3.36000   0.42670 0.45490 0.47470 0.48700 0.50490 0.52490 0.53580 0.54510 0.55530 0.56360 0.57100 0.57880 0.58420 0.57860 0.56910 0.56860 0.57130 0.56100 0.55330 0.56800 0.58670 0.60060 0.61040 0.62070 0.63200 0.64310 0.65500 0.66660 0.67540 0.67930 0.68010 0.67880 0.68110 0.68480 0.69130 0.70100
238	2A4	       55.00   55.00   55.00   0.06999 0.06962 0.05296   31.72000 2.88000 2.21000   0.05310 0.05670 0.05910 0.06070 0.06170 0.06220 0.06250 0.06340 0.06460 0.06520 0.06610 0.06730 0.06820 0.06690 0.06530 0.06610 0.06720 0.06510 0.06400 0.06800 0.07260 0.07510 0.07590 0.07630 0.07730 0.07860 0.08040 0.08240 0.08440 0.08540 0.08530 0.08500 0.08530 0.08670 0.08990 0.09440
239	2A5	      175.00  175.00  175.00   0.31257 0.30721 0.21357   62.27000 6.10000 7.50000   0.20320 0.21660 0.22600 0.23190 0.23790 0.24460 0.24900 0.25370 0.25920 0.26390 0.27090 0.28330 0.29430 0.29080 0.28230 0.28630 0.29280 0.28170 0.27510 0.29570 0.32270 0.33930 0.34690 0.35240 0.35920 0.36680 0.37570 0.38580 0.39470 0.39920 0.40030 0.40010 0.40090 0.40470 0.41340 0.42840
240	2A6	       30.00   30.00   30.00   0.05340 0.05403 0.04268   27.85000 1.57000 1.09000   0.04390 0.04680 0.04880 0.05010 0.05070 0.05070 0.05070 0.05120 0.05200 0.05240 0.05300 0.05360 0.05370 0.05280 0.05210 0.05240 0.05280 0.05180 0.05140 0.05340 0.05540 0.05640 0.05670 0.05690 0.05740 0.05810 0.05910 0.06030 0.06150 0.06200 0.06220 0.06190 0.06180 0.06280 0.06500 0.06810
241	2A7	      220.00  220.00  220.00   0.54991 0.55501 0.42818   79.33000 3.74000 3.65000   0.40340 0.43010 0.44870 0.46040 0.47680 0.49540 0.50580 0.51490 0.52460 0.53230 0.53890 0.54710 0.55320 0.54750 0.53780 0.53830 0.54180 0.53080 0.52310 0.53950 0.56020 0.57490 0.58460 0.59440 0.60540 0.61620 0.62800 0.63980 0.64890 0.65280 0.65370 0.65310 0.65500 0.65900 0.66530 0.67630
242	2A8	      155.00  155.00  155.00   0.24913 0.24362 0.16915   56.45000 6.18000 6.99000   0.16190 0.17260 0.18010 0.18480 0.18940 0.19390 0.19690 0.20090 0.20540 0.20920 0.21470 0.22410 0.23260 0.22930 0.22200 0.22550 0.23110 0.22160 0.21620 0.23400 0.25730 0.27150 0.27770 0.28190 0.28730 0.29360 0.30110 0.30970 0.31740 0.32140 0.32240 0.32230 0.32300 0.32590 0.33470 0.34780
243	2A9	       35.00   35.00   35.00   0.05559 0.05608 0.04398   28.40000 1.77000 1.29000   0.04470 0.04770 0.04970 0.05100 0.05190 0.05210 0.05210 0.05270 0.05360 0.05430 0.05440 0.05530 0.05560 0.05470 0.05380 0.05420 0.05470 0.05360 0.05310 0.05530 0.05760 0.05890 0.05920 0.05950 0.06010 0.06090 0.06190 0.06340 0.06470 0.06530 0.06510 0.06450 0.06490 0.06630 0.06840 0.07160
244	2B1	      155.00  155.00  155.00   0.24733 0.24193 0.16791   56.28000 6.14000 6.99000   0.16090 0.17160 0.17900 0.18370 0.18770 0.19200 0.19520 0.19940 0.20410 0.20790 0.21320 0.22260 0.23100 0.22780 0.22060 0.22400 0.22970 0.22030 0.21490 0.23240 0.25530 0.26920 0.27530 0.27970 0.28540 0.29170 0.29930 0.30800 0.31540 0.31970 0.32080 0.32100 0.32120 0.32390 0.33270 0.34600
245	2B2	      240.00  240.00  240.00   0.68390 0.69976 0.56128   86.98000 2.00000 1.67000   0.52980 0.56480 0.58930 0.60460 0.62600 0.65170 0.66580 0.67660 0.68870 0.69860 0.70590 0.71030 0.71100 0.70470 0.69580 0.69140 0.69050 0.68270 0.67510 0.68230 0.69240 0.70270 0.71280 0.72450 0.73730 0.74910 0.76130 0.77220 0.78010 0.78310 0.78330 0.78250 0.78440 0.78760 0.79070 0.79790
246	2B3	      215.00  215.00  215.00   0.51847 0.52197 0.39739   77.40000 4.01000 4.27000   0.37490 0.39970 0.41700 0.42790 0.44280 0.45990 0.46910 0.47700 0.48600 0.49340 0.50020 0.50970 0.51760 0.51240 0.50300 0.50430 0.50850 0.49720 0.48950 0.50710 0.52950 0.54490 0.55420 0.56320 0.57330 0.58350 0.59510 0.60670 0.61580 0.62020 0.62090 0.62020 0.62190 0.62540 0.63320 0.64360
247	2B4	      150.00  150.00  150.00   0.23304 0.22772 0.15845   54.84000 6.12000 6.75000   0.15090 0.16080 0.16780 0.17220 0.17670 0.18140 0.18430 0.18820 0.19260 0.19630 0.20120 0.20990 0.21750 0.21410 0.20730 0.21060 0.21600 0.20700 0.20180 0.21860 0.24060 0.25390 0.25960 0.26370 0.26880 0.27490 0.28200 0.29020 0.29740 0.30140 0.30250 0.30220 0.30270 0.30530 0.31310 0.32560
248	2B5	      105.00  105.00  105.00   0.13369 0.13038 0.09231   42.82000 5.25000 5.05000   0.09010 0.09600 0.10020 0.10280 0.10510 0.10640 0.10760 0.10960 0.11210 0.11420 0.11700 0.12150 0.12490 0.12240 0.11830 0.12030 0.12350 0.11810 0.11520 0.12530 0.13810 0.14570 0.14870 0.15070 0.15350 0.15690 0.16130 0.16650 0.17130 0.17400 0.17460 0.17480 0.17510 0.17680 0.18220 0.19120
249	2B6	      220.00  220.00  220.00   0.55184 0.55694 0.42962   79.44000 3.75000 3.66000   0.40570 0.43250 0.45130 0.46300 0.47930 0.49760 0.50750 0.51650 0.52620 0.53380 0.54050 0.54890 0.55490 0.54920 0.53950 0.54010 0.54360 0.53260 0.52490 0.54160 0.56250 0.57730 0.58710 0.59650 0.60730 0.61790 0.62970 0.64120 0.65020 0.65440 0.65520 0.65470 0.65650 0.66050 0.66720 0.67650
250	2B7	        5.00    5.00    5.00   0.04216 0.04340 0.03561   24.77000 0.44000 0.13000   0.03710 0.03960 0.04130 0.04240 0.04300 0.04290 0.04260 0.04290 0.04340 0.04350 0.04380 0.04370 0.04350 0.04320 0.04310 0.04310 0.04310 0.04280 0.04280 0.04320 0.04350 0.04370 0.04370 0.04390 0.04420 0.04450 0.04500 0.04560 0.04600 0.04600 0.04600 0.04560 0.04610 0.04670 0.04830 0.04970
251	2B8	       40.00   40.00   40.00   0.05804 0.05836 0.04557   29.00000 2.01000 1.42000   0.04670 0.04980 0.05200 0.05330 0.05390 0.05400 0.05400 0.05460 0.05540 0.05610 0.05660 0.05740 0.05770 0.05670 0.05570 0.05620 0.05680 0.05550 0.05480 0.05740 0.06020 0.06160 0.06210 0.06230 0.06300 0.06390 0.06510 0.06670 0.06820 0.06870 0.06850 0.06820 0.06890 0.07000 0.07210 0.07570
252	2B9	      220.00  220.00  220.00   0.55064 0.55562 0.42851   79.36000 3.77000 3.67000   0.40490 0.43160 0.45040 0.46210 0.47860 0.49690 0.50660 0.51500 0.52470 0.53230 0.53890 0.54710 0.55310 0.54770 0.53800 0.53860 0.54220 0.53120 0.52370 0.54040 0.56140 0.57620 0.58590 0.59540 0.60600 0.61660 0.62820 0.63980 0.64860 0.65270 0.65350 0.65280 0.65490 0.65860 0.66560 0.67540
253	2C1	       80.00   80.00   80.00   0.09778 0.09600 0.07001   37.11000 4.22000 3.70000   0.07030 0.07500 0.07820 0.08030 0.08110 0.08120 0.08190 0.08340 0.08510 0.08640 0.08830 0.09090 0.09270 0.09090 0.08800 0.08940 0.09150 0.08800 0.08610 0.09280 0.10110 0.10600 0.10770 0.10890 0.11070 0.11300 0.11590 0.11950 0.12250 0.12420 0.12480 0.12440 0.12450 0.12630 0.13050 0.13740
254	2C2	       80.00   80.00   80.00   0.09783 0.09608 0.07017   37.13000 4.20000 3.66000   0.06940 0.07400 0.07720 0.07920 0.08090 0.08170 0.08230 0.08360 0.08540 0.08670 0.08820 0.09090 0.09280 0.09100 0.08820 0.08960 0.09160 0.08810 0.08620 0.09290 0.10120 0.10610 0.10790 0.10890 0.11060 0.11280 0.11570 0.11920 0.12220 0.12370 0.12430 0.12380 0.12370 0.12560 0.12930 0.13570
255	2C3	      225.00  225.00  225.00   0.57868 0.58597 0.45541   81.07000 3.35000 3.31000   0.43030 0.45870 0.47860 0.49110 0.50830 0.52820 0.53910 0.54790 0.55760 0.56560 0.57230 0.58060 0.58620 0.58050 0.57110 0.57070 0.57350 0.56310 0.55550 0.57030 0.58930 0.60320 0.61290 0.62290 0.63390 0.64470 0.65640 0.66780 0.67660 0.68040 0.68120 0.68050 0.68260 0.68620 0.69230 0.70210
256	2C4	      155.00  155.00  155.00   0.24777 0.24226 0.16810   56.31000 6.19000 7.00000   0.16010 0.17070 0.17810 0.18280 0.18770 0.19260 0.19570 0.19970 0.20410 0.20790 0.21330 0.22270 0.23130 0.22780 0.22060 0.22420 0.22980 0.22040 0.21500 0.23280 0.25590 0.27000 0.27610 0.28030 0.28580 0.29220 0.29970 0.30810 0.31580 0.32000 0.32070 0.32070 0.32140 0.32460 0.33270 0.34550
257	2C5	       70.00   70.00   70.00   0.08506 0.08392 0.06226   34.79000 3.67000 3.05000   0.06210 0.06620 0.06900 0.07080 0.07190 0.07260 0.07300 0.07420 0.07600 0.07710 0.07820 0.08010 0.08160 0.07990 0.07770 0.07880 0.08040 0.07750 0.07590 0.08140 0.08800 0.09170 0.09310 0.09400 0.09550 0.09720 0.09960 0.10250 0.10490 0.10640 0.10660 0.10640 0.10680 0.10830 0.11210 0.11660
258	2C6	       25.00   25.00   25.00   0.05092 0.05163 0.04120   27.19000 1.41000 0.82000   0.04220 0.04490 0.04690 0.04810 0.04890 0.04930 0.04910 0.04950 0.05020 0.05050 0.05090 0.05130 0.05150 0.05070 0.04990 0.05020 0.05060 0.04970 0.04930 0.05110 0.05290 0.05360 0.05380 0.05400 0.05440 0.05500 0.05600 0.05730 0.05820 0.05840 0.05830 0.05820 0.05850 0.05970 0.06180 0.06390
259	2C7	      255.00  255.00  255.00   0.80106 0.82587 0.69080   92.83000 0.93000 -0.85000   0.65360 0.69680 0.72700 0.74600 0.77370 0.80670 0.82360 0.83600 0.84950 0.86020 0.86620 0.86310 0.85470 0.84570 0.83610 0.82580 0.81990 0.81450 0.80600 0.80440 0.80520 0.81160 0.82170 0.83540 0.84940 0.86180 0.87400 0.88420 0.89060 0.89230 0.89170 0.89110 0.89320 0.89500 0.89540 0.8980
260	2C8	      250.00  250.00  250.00   0.76316 0.78487 0.64733   91.00000 1.29000 0.03000   0.61120 0.65160 0.67990 0.69760 0.72360 0.75420 0.77020 0.78220 0.79560 0.80660 0.81290 0.81250 0.80700 0.79900 0.78980 0.78170 0.77750 0.77140 0.76330 0.76500 0.76900 0.77710 0.78720 0.80020 0.81360 0.82580 0.83800 0.84850 0.85540 0.85740 0.85720 0.85640 0.85890 0.86140 0.86310 0.86730
END_DATA
