CGATS.17

ORIGINATOR	"i1Profiler - X-Rite, Inc."
INSTRUMENTATION	"i1iSis 2 XL ; Serial number 0"
DESCRIPTOR	"9800ABW_Lighter_PM"
MEASUREMENT_SOURCE	"MeasurementCondition=M2	Filter=UVcut"
ILLUMINATION_NAME	"D50"
OBSERVER_ANGLE	"2"
FILTER	"UV"
WEIGHTING_FUNCTION	"ILLUMINANT,	D50"
WEIGHTING_FUNCTION	"OBSERVER,	2 degree"
KEYWORD	"DEVCALSTD"
DEVCALSTD	"XRGA"
CREATED		"2020-12-27T13:19:55"

NUMBER_OF_FIELDS	11
BEGIN_DATA_FORMAT
SAMPLE_ID	SAMPLE_NAME	RGB_R	RGB_G	RGB_B	XYZ_X	XYZ_Y	XYZ_Z	LAB_L	LAB_A	LAB_B	
END_DATA_FORMAT

NUMBER_OF_SETS	260
BEGIN_DATA
1	A1	   95.00	   95.00	   95.00	 0.17526	 0.16571	 0.10321	   47.71	    8.60	    9.83	
2	A2	   70.00	   70.00	   70.00	 0.10539	 0.09771	 0.05782	   37.43	    8.77	    9.67	
3	A3	   60.00	   60.00	   60.00	 0.08132	 0.07474	 0.04352	   32.86	    8.65	    9.25	
4	A4	  150.00	  150.00	  150.00	 0.35893	 0.35349	 0.24024	   66.02	    6.15	    8.86	
5	A5	  220.00	  220.00	  220.00	 0.65693	 0.67591	 0.54329	   85.80	    1.17	    1.53	
6	A6	  120.00	  120.00	  120.00	 0.25095	 0.24239	 0.15696	   56.33	    7.48	    9.68	
7	A7	  210.00	  210.00	  210.00	 0.61189	 0.62636	 0.49253	   83.25	    1.87	    2.73	
8	A8	  110.00	  110.00	  110.00	 0.21738	 0.20825	 0.13246	   52.76	    7.94	    9.85	
9	A9	  135.00	  135.00	  135.00	 0.29954	 0.29235	 0.19437	   60.99	    6.79	    9.22	
10	A10	  125.00	  125.00	  125.00	 0.26471	 0.25653	 0.16785	   57.71	    7.26	    9.46	
11	A11	   40.00	   40.00	   40.00	 0.04107	 0.03695	 0.02119	   22.64	    8.08	    7.61	
12	A12	  110.00	  110.00	  110.00	 0.21605	 0.20700	 0.13202	   52.62	    7.91	    9.74	
13	A13	   25.00	   25.00	   25.00	 0.02130	 0.01926	 0.01133	   15.09	    6.26	    5.71	
14	B1	   45.00	   45.00	   45.00	 0.04960	 0.04498	 0.02561	   25.25	    8.14	    8.27	
15	B2	  135.00	  135.00	  135.00	 0.30472	 0.29768	 0.19754	   61.45	    6.72	    9.36	
16	B3	  205.00	  205.00	  205.00	 0.59347	 0.60602	 0.47062	   82.16	    2.19	    3.39	
17	B4	  230.00	  230.00	  230.00	 0.70502	 0.73003	 0.59984	   88.45	    0.24	    0.26	
18	B5	  200.00	  200.00	  200.00	 0.56991	 0.58032	 0.44487	   80.76	    2.56	    4.05	
19	B6	   35.00	   35.00	   35.00	 0.03428	 0.03083	 0.01754	   20.37	    7.62	    7.31	
20	B7	  235.00	  235.00	  235.00	 0.72507	 0.75293	 0.62099	   89.53	   -0.19	    0.03	
21	B8	   65.00	   65.00	   65.00	 0.09275	 0.08563	 0.05054	   35.13	    8.71	    9.32	
22	B9	   15.00	   15.00	   15.00	 0.01284	 0.01169	 0.00722	   10.32	    5.04	    4.18	
23	B10	   50.00	   50.00	   50.00	 0.05869	 0.05340	 0.03055	   27.68	    8.39	    8.66	
24	B11	   35.00	   35.00	   35.00	 0.03339	 0.03006	 0.01726	   20.07	    7.51	    7.08	
25	B12	   30.00	   30.00	   30.00	 0.02701	 0.02433	 0.01403	   17.61	    6.98	    6.53	
26	B13	  175.00	  175.00	  175.00	 0.45291	 0.45428	 0.32596	   73.17	    4.31	    7.00	
27	C1	  240.00	  240.00	  240.00	 0.75646	 0.78743	 0.65440	   91.12	   -0.57	   -0.44	
28	C2	   35.00	   35.00	   35.00	 0.03401	 0.03065	 0.01746	   20.30	    7.50	    7.27	
29	C3	   45.00	   45.00	   45.00	 0.05009	 0.04530	 0.02582	   25.35	    8.33	    8.27	
30	C4	  185.00	  185.00	  185.00	 0.50548	 0.51028	 0.37683	   76.70	    3.61	    5.81	
31	C5	   55.00	   55.00	   55.00	 0.07026	 0.06427	 0.03725	   30.47	    8.56	    8.90	
32	C6	  210.00	  210.00	  210.00	 0.61660	 0.63113	 0.49547	   83.50	    1.88	    2.83	
33	C7	   55.00	   55.00	   55.00	 0.06994	 0.06403	 0.03703	   30.41	    8.50	    8.94	
34	C8	  210.00	  210.00	  210.00	 0.61489	 0.62939	 0.49495	   83.41	    1.88	    2.73	
35	C9	  125.00	  125.00	  125.00	 0.26696	 0.25885	 0.16926	   57.93	    7.23	    9.51	
36	C10	  210.00	  210.00	  210.00	 0.61468	 0.62922	 0.49369	   83.40	    1.87	    2.86	
37	C11	  145.00	  145.00	  145.00	 0.33699	 0.33121	 0.22273	   64.26	    6.25	    9.13	
38	C12	  195.00	  195.00	  195.00	 0.54471	 0.55352	 0.41804	   79.24	    2.80	    4.78	
39	C13	  160.00	  160.00	  160.00	 0.39515	 0.39160	 0.26912	   68.87	    5.59	    8.66	
40	D1	  125.00	  125.00	  125.00	 0.27040	 0.26222	 0.17085	   58.25	    7.24	    9.69	
41	D2	  255.00	  255.00	  255.00	 0.83136	 0.86994	 0.73933	   94.74	   -1.42	   -1.88	
42	D3	  130.00	  130.00	  130.00	 0.28824	 0.28025	 0.18487	   59.91	    7.12	    9.41	
43	D4	  205.00	  205.00	  205.00	 0.59759	 0.61008	 0.47275	   82.38	    2.23	    3.52	
44	D5	  235.00	  235.00	  235.00	 0.72942	 0.75736	 0.62316	   89.74	   -0.18	    0.18	
45	D6	   50.00	   50.00	   50.00	 0.06051	 0.05505	 0.03154	   28.13	    8.49	    8.71	
46	D7	  160.00	  160.00	  160.00	 0.39829	 0.39480	 0.27140	   69.10	    5.57	    8.67	
47	D8	  120.00	  120.00	  120.00	 0.25147	 0.24290	 0.15680	   56.38	    7.48	    9.81	
48	D9	  245.00	  245.00	  245.00	 0.78010	 0.81324	 0.68030	   92.28	   -0.80	   -0.85	
49	D10	   55.00	   55.00	   55.00	 0.07015	 0.06427	 0.03700	   30.47	    8.45	    9.06	
50	D11	  190.00	  190.00	  190.00	 0.52488	 0.53196	 0.39668	   77.99	    3.12	    5.38	
51	D12	   90.00	   90.00	   90.00	 0.15957	 0.15003	 0.09232	   45.64	    8.83	    9.90	
52	D13	   20.00	   20.00	   20.00	 0.01676	 0.01518	 0.00905	   12.72	    5.70	    5.09	
53	E1	  175.00	  175.00	  175.00	 0.46167	 0.46298	 0.33150	   73.74	    4.36	    7.15	
54	E2	  205.00	  205.00	  205.00	 0.59709	 0.60968	 0.47185	   82.36	    2.21	    3.59	
55	E3	  195.00	  195.00	  195.00	 0.54972	 0.55836	 0.42089	   79.52	    2.87	    4.89	
56	E4	  215.00	  215.00	  215.00	 0.64207	 0.65889	 0.52409	   84.94	    1.54	    2.12	
57	E5	  235.00	  235.00	  235.00	 0.72753	 0.75540	 0.62158	   89.65	   -0.18	    0.17	
58	E6	  200.00	  200.00	  200.00	 0.57081	 0.58137	 0.44457	   80.81	    2.53	    4.18	
59	E7	  140.00	  140.00	  140.00	 0.32013	 0.31359	 0.20979	   62.81	    6.52	    9.18	
60	E8	   75.00	   75.00	   75.00	 0.11832	 0.11003	 0.06586	   39.59	    8.87	    9.73	
61	E9	  230.00	  230.00	  230.00	 0.70588	 0.73087	 0.59754	   88.49	    0.25	    0.56	
62	E10	  180.00	  180.00	  180.00	 0.48005	 0.48342	 0.35090	   75.04	    3.87	    6.57	
63	E11	   40.00	   40.00	   40.00	 0.04150	 0.03737	 0.02122	   22.78	    8.06	    7.84	
64	E12	   95.00	   95.00	   95.00	 0.17506	 0.16552	 0.10296	   47.69	    8.59	    9.87	
65	E13	   25.00	   25.00	   25.00	 0.02164	 0.01956	 0.01152	   15.26	    6.30	    5.74	
66	F1	  255.00	  255.00	  255.00	 0.83208	 0.87068	 0.74033	   94.77	   -1.42	   -1.92	
67	F2	  230.00	  230.00	  230.00	 0.70554	 0.73048	 0.59893	   88.47	    0.26	    0.39	
68	F3	   80.00	   80.00	   80.00	 0.13169	 0.12285	 0.07402	   41.67	    8.93	    9.90	
69	F4	   75.00	   75.00	   75.00	 0.11810	 0.10977	 0.06599	   39.54	    8.90	    9.60	
70	F5	  105.00	  105.00	  105.00	 0.20362	 0.19434	 0.12271	   51.19	    8.13	    9.89	
71	F6	    5.00	    5.00	    5.00	 0.00545	 0.00525	 0.00372	    4.74	    1.58	    1.15	
72	F7	  165.00	  165.00	  165.00	 0.41674	 0.41442	 0.28954	   70.48	    5.26	    8.05	
73	F8	  130.00	  130.00	  130.00	 0.28556	 0.27774	 0.18328	   59.68	    7.06	    9.37	
74	F9	  120.00	  120.00	  120.00	 0.24995	 0.24160	 0.15618	   56.25	    7.40	    9.73	
75	F10	  170.00	  170.00	  170.00	 0.43463	 0.43414	 0.30752	   71.83	    4.77	    7.52	
76	F11	  140.00	  140.00	  140.00	 0.31768	 0.31119	 0.20806	   62.61	    6.51	    9.18	
77	F12	   20.00	   20.00	   20.00	 0.01683	 0.01526	 0.00907	   12.77	    5.70	    5.13	
78	F13	   40.00	   40.00	   40.00	 0.04130	 0.03724	 0.02132	   22.74	    7.98	    7.66	
79	G1	  185.00	  185.00	  185.00	 0.50587	 0.51079	 0.37760	   76.73	    3.58	    5.76	
80	G2	  150.00	  150.00	  150.00	 0.36092	 0.35569	 0.24137	   66.19	    6.08	    8.95	
81	G3	   80.00	   80.00	   80.00	 0.13257	 0.12381	 0.07468	   41.82	    8.86	    9.89	
82	G4	   65.00	   65.00	   65.00	 0.09467	 0.08731	 0.05163	   35.46	    8.85	    9.33	
83	G5	  185.00	  185.00	  185.00	 0.50294	 0.50812	 0.37523	   76.56	    3.50	    5.80	
84	G6	  110.00	  110.00	  110.00	 0.21939	 0.21034	 0.13409	   52.99	    7.89	    9.80	
85	G7	  250.00	  250.00	  250.00	 0.80590	 0.84202	 0.71041	   93.54	   -1.16	   -1.40	
86	G8	  145.00	  145.00	  145.00	 0.33864	 0.33285	 0.22400	   64.39	    6.26	    9.11	
87	G9	    0.00	    0.00	    0.00	 0.00295	 0.00301	 0.00258	    2.72	    0.17	   -0.18	
88	G10	   75.00	   75.00	   75.00	 0.11811	 0.10995	 0.06616	   39.57	    8.78	    9.58	
89	G11	   45.00	   45.00	   45.00	 0.04965	 0.04490	 0.02562	   25.23	    8.30	    8.23	
90	G12	  160.00	  160.00	  160.00	 0.39478	 0.39136	 0.26963	   68.85	    5.54	    8.54	
91	G13	  130.00	  130.00	  130.00	 0.28314	 0.27554	 0.18177	   59.48	    6.98	    9.36	
92	H1	  160.00	  160.00	  160.00	 0.40161	 0.39799	 0.27469	   69.33	    5.62	    8.51	
93	H2	  170.00	  170.00	  170.00	 0.44174	 0.44099	 0.31340	   72.29	    4.87	    7.40	
94	H3	  120.00	  120.00	  120.00	 0.25295	 0.24430	 0.15834	   56.52	    7.51	    9.67	
95	H4	  115.00	  115.00	  115.00	 0.23667	 0.22768	 0.14697	   54.83	    7.75	    9.60	
96	H5	    0.00	    0.00	    0.00	 0.00290	 0.00297	 0.00242	    2.69	    0.13	    0.05	
97	H6	  110.00	  110.00	  110.00	 0.21979	 0.21058	 0.13437	   53.01	    7.96	    9.77	
98	H7	   50.00	   50.00	   50.00	 0.06002	 0.05456	 0.03145	   28.00	    8.52	    8.55	
99	H8	  135.00	  135.00	  135.00	 0.30353	 0.29634	 0.19696	   61.34	    6.78	    9.28	
100	H9	  225.00	  225.00	  225.00	 0.68120	 0.70335	 0.56903	   87.16	    0.66	    1.17	
101	H10	   10.00	   10.00	   10.00	 0.00918	 0.00848	 0.00547	    7.66	    4.00	    2.89	
102	H11	  100.00	  100.00	  100.00	 0.18831	 0.17886	 0.11255	   49.36	    8.38	    9.74	
103	H12	  125.00	  125.00	  125.00	 0.26679	 0.25864	 0.16959	   57.91	    7.24	    9.40	
104	H13	  155.00	  155.00	  155.00	 0.37706	 0.37266	 0.25600	   67.48	    5.82	    8.53	
105	I1	  210.00	  210.00	  210.00	 0.62013	 0.63466	 0.49880	   83.69	    1.91	    2.77	
106	I2	  230.00	  230.00	  230.00	 0.70833	 0.73332	 0.60111	   88.61	    0.27	    0.40	
107	I3	  100.00	  100.00	  100.00	 0.18946	 0.17998	 0.11267	   49.49	    8.38	    9.94	
108	I4	   30.00	   30.00	   30.00	 0.02863	 0.02574	 0.01487	   18.25	    7.21	    6.62	
109	I5	  165.00	  165.00	  165.00	 0.41827	 0.41588	 0.29143	   70.59	    5.28	    7.92	
110	I6	  180.00	  180.00	  180.00	 0.48408	 0.48744	 0.35595	   75.29	    3.89	    6.28	
111	I7	  135.00	  135.00	  135.00	 0.30293	 0.29571	 0.19684	   61.28	    6.79	    9.21	
112	I8	   70.00	   70.00	   70.00	 0.10628	 0.09841	 0.05870	   37.56	    8.89	    9.47	
113	I9	   50.00	   50.00	   50.00	 0.05982	 0.05442	 0.03128	   27.96	    8.46	    8.61	
114	I10	  150.00	  150.00	  150.00	 0.35674	 0.35168	 0.23886	   65.88	    6.02	    8.87	
115	I11	   95.00	   95.00	   95.00	 0.17621	 0.16646	 0.10388	   47.81	    8.69	    9.78	
116	I12	   65.00	   65.00	   65.00	 0.09322	 0.08601	 0.05070	   35.20	    8.77	    9.36	
117	I13	  245.00	  245.00	  245.00	 0.78270	 0.81618	 0.68233	   92.41	   -0.85	   -0.81	
118	J1	  180.00	  180.00	  180.00	 0.48523	 0.48848	 0.35700	   75.36	    3.93	    6.25	
119	J2	   85.00	   85.00	   85.00	 0.14690	 0.13768	 0.08390	   43.90	    8.87	    9.93	
120	J3	  155.00	  155.00	  155.00	 0.38098	 0.37641	 0.25854	   67.76	    5.88	    8.57	
121	J4	   25.00	   25.00	   25.00	 0.02228	 0.02006	 0.01176	   15.52	    6.55	    5.86	
122	J5	  115.00	  115.00	  115.00	 0.23670	 0.22783	 0.14704	   54.85	    7.69	    9.61	
123	J6	   15.00	   15.00	   15.00	 0.01332	 0.01208	 0.00743	   10.62	    5.24	    4.28	
124	J7	  165.00	  165.00	  165.00	 0.41712	 0.41475	 0.29081	   70.51	    5.28	    7.88	
125	J8	   60.00	   60.00	   60.00	 0.08102	 0.07444	 0.04347	   32.80	    8.67	    9.16	
126	J9	  250.00	  250.00	  250.00	 0.80770	 0.84418	 0.71240	   93.63	   -1.22	   -1.42	
127	J10	   55.00	   55.00	   55.00	 0.07002	 0.06415	 0.03704	   30.44	    8.44	    8.98	
128	J11	  205.00	  205.00	  205.00	 0.59197	 0.60463	 0.46948	   82.09	    2.16	    3.40	
129	J12	   90.00	   90.00	   90.00	 0.15933	 0.14981	 0.09236	   45.61	    8.82	    9.84	
130	J13	   45.00	   45.00	   45.00	 0.04978	 0.04506	 0.02583	   25.28	    8.26	    8.14	
131	K1	  140.00	  140.00	  140.00	 0.32209	 0.31561	 0.21190	   62.98	    6.50	    9.05	
132	K2	  165.00	  165.00	  165.00	 0.41949	 0.41733	 0.29189	   70.69	    5.22	    8.02	
133	K3	  190.00	  190.00	  190.00	 0.52643	 0.53362	 0.39901	   78.09	    3.10	    5.24	
134	K4	   90.00	   90.00	   90.00	 0.16051	 0.15092	 0.09350	   45.76	    8.84	    9.71	
135	K5	   95.00	   95.00	   95.00	 0.17750	 0.16775	 0.10513	   47.98	    8.67	    9.67	
136	K6	   85.00	   85.00	   85.00	 0.14684	 0.13760	 0.08456	   43.89	    8.87	    9.66	
137	K7	  215.00	  215.00	  215.00	 0.63936	 0.65636	 0.52251	   84.81	    1.48	    2.07	
138	K8	   75.00	   75.00	   75.00	 0.11821	 0.10996	 0.06619	   39.57	    8.84	    9.57	
139	K9	  240.00	  240.00	  240.00	 0.75257	 0.78393	 0.65136	   90.96	   -0.67	   -0.42	
140	K10	  190.00	  190.00	  190.00	 0.52479	 0.53230	 0.39790	   78.01	    3.01	    5.26	
141	K11	   10.00	   10.00	   10.00	 0.00907	 0.00839	 0.00543	    7.58	    3.91	    2.82	
142	K12	  235.00	  235.00	  235.00	 0.72687	 0.75528	 0.62244	   89.64	   -0.29	    0.08	
143	K13	   35.00	   35.00	   35.00	 0.03326	 0.02994	 0.01720	   20.02	    7.51	    7.06	
144	L1	  115.00	  115.00	  115.00	 0.23607	 0.22727	 0.14607	   54.79	    7.67	    9.76	
145	L2	   85.00	   85.00	   85.00	 0.14660	 0.13755	 0.08373	   43.88	    8.76	    9.96	
146	L3	   30.00	   30.00	   30.00	 0.02788	 0.02511	 0.01445	   17.97	    7.05	    6.63	
147	L4	   50.00	   50.00	   50.00	 0.06041	 0.05495	 0.03165	   28.10	    8.50	    8.59	
148	L5	  140.00	  140.00	  140.00	 0.32047	 0.31401	 0.21072	   62.85	    6.50	    9.05	
149	L6	  190.00	  190.00	  190.00	 0.52591	 0.53343	 0.39914	   78.08	    3.02	    5.21	
150	L7	   60.00	   60.00	   60.00	 0.08193	 0.07533	 0.04415	   32.99	    8.64	    9.11	
151	L8	  105.00	  105.00	  105.00	 0.20248	 0.19337	 0.12194	   51.08	    8.06	    9.92	
152	L9	   95.00	   95.00	   95.00	 0.17510	 0.16553	 0.10321	   47.69	    8.61	    9.80	
153	L10	  190.00	  190.00	  190.00	 0.52341	 0.53088	 0.39637	   77.93	    3.02	    5.31	
154	L11	  195.00	  195.00	  195.00	 0.54522	 0.55423	 0.41849	   79.28	    2.75	    4.79	
155	L12	   65.00	   65.00	   65.00	 0.09295	 0.08576	 0.05078	   35.15	    8.77	    9.24	
156	L13	   15.00	   15.00	   15.00	 0.01282	 0.01167	 0.00722	   10.31	    5.03	    4.15	
157	M1	  170.00	  170.00	  170.00	 0.44186	 0.44151	 0.31299	   72.33	    4.76	    7.52	
158	M2	  105.00	  105.00	  105.00	 0.20372	 0.19472	 0.12225	   51.23	    7.99	   10.10	
159	M3	  220.00	  220.00	  220.00	 0.65882	 0.67816	 0.54436	   85.91	    1.10	    1.61	
160	M4	  170.00	  170.00	  170.00	 0.44044	 0.43994	 0.31207	   72.22	    4.79	    7.48	
161	M5	  100.00	  100.00	  100.00	 0.18970	 0.18029	 0.11299	   49.53	    8.34	    9.90	
162	M6	  150.00	  150.00	  150.00	 0.35782	 0.35292	 0.23956	   65.98	    5.96	    8.91	
163	M7	  195.00	  195.00	  195.00	 0.54637	 0.55546	 0.41994	   79.35	    2.74	    4.73	
164	M8	  145.00	  145.00	  145.00	 0.33825	 0.33252	 0.22359	   64.36	    6.23	    9.14	
165	M9	  110.00	  110.00	  110.00	 0.21712	 0.20821	 0.13224	   52.75	    7.84	    9.91	
166	M10	  120.00	  120.00	  120.00	 0.25009	 0.24193	 0.15641	   56.28	    7.32	    9.74	
167	M11	   85.00	   85.00	   85.00	 0.14572	 0.13665	 0.08346	   43.75	    8.79	    9.83	
168	M12	  255.00	  255.00	  255.00	 0.83369	 0.87308	 0.74206	   94.87	   -1.55	   -1.89	
169	M13	  145.00	  145.00	  145.00	 0.33707	 0.33150	 0.22308	   64.28	    6.18	    9.10	
170	N1	  245.00	  245.00	  245.00	 0.78013	 0.81350	 0.68175	   92.29	   -0.85	   -0.96	
171	N2	   45.00	   45.00	   45.00	 0.04970	 0.04502	 0.02551	   25.27	    8.20	    8.38	
172	N3	   90.00	   90.00	   90.00	 0.16036	 0.15080	 0.09299	   45.74	    8.83	    9.85	
173	N4	  175.00	  175.00	  175.00	 0.45842	 0.45987	 0.33072	   73.54	    4.31	    6.92	
174	N5	  175.00	  175.00	  175.00	 0.45850	 0.45990	 0.33049	   73.54	    4.32	    6.96	
175	N6	   10.00	   10.00	   10.00	 0.00902	 0.00834	 0.00533	    7.53	    3.93	    2.93	
176	N7	    5.00	    5.00	    5.00	 0.00546	 0.00525	 0.00383	    4.75	    1.57	    0.95	
177	N8	  225.00	  225.00	  225.00	 0.68018	 0.70242	 0.56873	   87.12	    0.63	    1.12	
178	N9	  145.00	  145.00	  145.00	 0.33799	 0.33226	 0.22375	   64.34	    6.23	    9.08	
179	N10	   10.00	   10.00	   10.00	 0.00905	 0.00838	 0.00537	    7.57	    3.87	    2.92	
180	N11	  200.00	  200.00	  200.00	 0.56566	 0.57634	 0.44119	   80.53	    2.47	    4.11	
181	N12	   85.00	   85.00	   85.00	 0.14565	 0.13653	 0.08349	   43.73	    8.83	    9.79	
182	N13	  180.00	  180.00	  180.00	 0.47880	 0.48236	 0.35177	   74.97	    3.81	    6.33	
183	O1	  215.00	  215.00	  215.00	 0.63997	 0.65693	 0.52389	   84.84	    1.49	    1.97	
184	O2	  105.00	  105.00	  105.00	 0.20218	 0.19315	 0.12147	   51.05	    8.02	   10.01	
185	O3	  215.00	  215.00	  215.00	 0.64018	 0.65714	 0.52371	   84.85	    1.49	    2.01	
186	O4	   15.00	   15.00	   15.00	 0.01319	 0.01197	 0.00734	   10.54	    5.20	    4.32	
187	O5	  100.00	  100.00	  100.00	 0.18896	 0.17960	 0.11268	   49.45	    8.32	    9.85	
188	O6	   25.00	   25.00	   25.00	 0.02179	 0.01966	 0.01142	   15.31	    6.42	    5.96	
189	O7	   65.00	   65.00	   65.00	 0.09336	 0.08615	 0.05104	   35.23	    8.77	    9.24	
190	O8	  240.00	  240.00	  240.00	 0.75190	 0.78332	 0.65154	   90.93	   -0.69	   -0.49	
191	O9	  225.00	  225.00	  225.00	 0.67890	 0.70115	 0.56772	   87.05	    0.62	    1.12	
192	O10	   60.00	   60.00	   60.00	 0.08073	 0.07426	 0.04336	   32.76	    8.58	    9.15	
193	O11	   10.00	   10.00	   10.00	 0.00899	 0.00831	 0.00536	    7.50	    3.93	    2.81	
194	O12	   80.00	   80.00	   80.00	 0.13095	 0.12222	 0.07419	   41.57	    8.87	    9.66	
195	O13	  100.00	  100.00	  100.00	 0.18571	 0.17648	 0.11064	   49.07	    8.29	    9.82	
196	P1	  130.00	  130.00	  130.00	 0.28694	 0.27921	 0.18421	   59.82	    7.02	    9.40	
197	P2	  160.00	  160.00	  160.00	 0.39975	 0.39638	 0.27330	   69.21	    5.54	    8.54	
198	P3	  230.00	  230.00	  230.00	 0.70223	 0.72726	 0.59717	   88.32	    0.21	    0.30	
199	P4	   20.00	   20.00	   20.00	 0.01705	 0.01544	 0.00917	   12.88	    5.78	    5.17	
200	P5	  170.00	  170.00	  170.00	 0.43755	 0.43715	 0.31047	   72.04	    4.75	    7.41	
201	P6	    0.00	    0.00	    0.00	 0.00290	 0.00297	 0.00250	    2.68	    0.17	   -0.10	
202	P7	   90.00	   90.00	   90.00	 0.15930	 0.14988	 0.09264	   45.62	    8.76	    9.76	
203	P8	   70.00	   70.00	   70.00	 0.10455	 0.09694	 0.05758	   37.29	    8.74	    9.54	
204	P9	  255.00	  255.00	  255.00	 0.82893	 0.86793	 0.73915	   94.65	   -1.51	   -2.01	
205	P10	    5.00	    5.00	    5.00	 0.00536	 0.00518	 0.00368	    4.68	    1.47	    1.12	
206	P11	   40.00	   40.00	   40.00	 0.04098	 0.03695	 0.02117	   22.63	    7.97	    7.63	
207	P12	  250.00	  250.00	  250.00	 0.80238	 0.83876	 0.70807	   93.40	   -1.24	   -1.44	
208	P13	    0.00	    0.00	    0.00	 0.00299	 0.00305	 0.00277	    2.75	    0.19	   -0.48	
209	Q1	   60.00	   60.00	   60.00	 0.08058	 0.07410	 0.04306	   32.72	    8.59	    9.27	
210	Q2	  200.00	  200.00	  200.00	 0.56864	 0.57937	 0.44350	   80.70	    2.47	    4.12	
211	Q3	   75.00	   75.00	   75.00	 0.11695	 0.10875	 0.06501	   39.37	    8.85	    9.73	
212	Q4	  245.00	  245.00	  245.00	 0.77760	 0.81098	 0.68044	   92.18	   -0.87	   -1.04	
213	Q5	   20.00	   20.00	   20.00	 0.01719	 0.01555	 0.00917	   12.95	    5.81	    5.29	
214	Q6	  125.00	  125.00	  125.00	 0.26727	 0.25932	 0.16985	   57.97	    7.16	    9.45	
215	Q7	    5.00	    5.00	    5.00	 0.00542	 0.00522	 0.00382	    4.72	    1.56	    0.92	
216	Q8	  140.00	  140.00	  140.00	 0.31785	 0.31142	 0.20893	   62.63	    6.48	    9.04	
217	Q9	  185.00	  185.00	  185.00	 0.49743	 0.50268	 0.37123	   76.23	    3.45	    5.78	
218	Q10	   20.00	   20.00	   20.00	 0.01703	 0.01544	 0.00912	   12.88	    5.72	    5.25	
219	Q11	  250.00	  250.00	  250.00	 0.80392	 0.84037	 0.70929	   93.47	   -1.24	   -1.42	
220	Q12	   70.00	   70.00	   70.00	 0.10467	 0.09699	 0.05763	   37.30	    8.79	    9.53	
221	Q13	  115.00	  115.00	  115.00	 0.23219	 0.22366	 0.14364	   54.41	    7.57	    9.73	
222	R1	  235.00	  235.00	  235.00	 0.72565	 0.75376	 0.62223	   89.57	   -0.24	   -0.02	
223	R2	  200.00	  200.00	  200.00	 0.56899	 0.57952	 0.44371	   80.71	    2.52	    4.11	
224	R3	   30.00	   30.00	   30.00	 0.02786	 0.02506	 0.01444	   17.94	    7.11	    6.61	
225	R4	  130.00	  130.00	  130.00	 0.28638	 0.27854	 0.18395	   59.76	    7.06	    9.35	
226	R5	  115.00	  115.00	  115.00	 0.23438	 0.22570	 0.14479	   54.63	    7.62	    9.80	
227	R6	   15.00	   15.00	   15.00	 0.01327	 0.01205	 0.00733	   10.60	    5.20	    4.43	
228	R7	  165.00	  165.00	  165.00	 0.41391	 0.41176	 0.28821	   70.30	    5.20	    7.95	
229	R8	  135.00	  135.00	  135.00	 0.30140	 0.29417	 0.19583	   61.15	    6.80	    9.19	
230	R9	  180.00	  180.00	  180.00	 0.47794	 0.48140	 0.35085	   74.91	    3.83	    6.36	
231	R10	  205.00	  205.00	  205.00	 0.58912	 0.60189	 0.46680	   81.94	    2.11	    3.46	
232	R11	  240.00	  240.00	  240.00	 0.74906	 0.78031	 0.64814	   90.79	   -0.68	   -0.40	
233	R12	    0.00	    0.00	    0.00	 0.00293	 0.00300	 0.00260	    2.71	    0.15	   -0.23	
234	R13	  185.00	  185.00	  185.00	 0.49812	 0.50349	 0.37091	   76.28	    3.42	    5.91	
235	S1	  245.00	  245.00	  245.00	 0.77717	 0.81029	 0.67911	   92.14	   -0.82	   -0.97	
236	S2	  195.00	  195.00	  195.00	 0.54618	 0.55487	 0.42005	   79.32	    2.84	    4.66	
237	S3	  225.00	  225.00	  225.00	 0.67601	 0.69801	 0.56588	   86.90	    0.65	    1.05	
238	S4	   55.00	   55.00	   55.00	 0.06983	 0.06385	 0.03695	   30.36	    8.57	    8.92	
239	S5	  175.00	  175.00	  175.00	 0.45572	 0.45691	 0.32893	   73.34	    4.37	    6.85	
240	S6	   30.00	   30.00	   30.00	 0.02785	 0.02506	 0.01438	   17.95	    7.09	    6.68	
241	S7	  220.00	  220.00	  220.00	 0.65512	 0.67423	 0.54132	   85.72	    1.13	    1.60	
242	S8	  155.00	  155.00	  155.00	 0.37570	 0.37121	 0.25464	   67.37	    5.85	    8.59	
243	S9	   35.00	   35.00	   35.00	 0.03398	 0.03053	 0.01747	   20.25	    7.66	    7.18	
244	S10	  155.00	  155.00	  155.00	 0.37510	 0.37090	 0.25385	   67.34	    5.76	    8.69	
245	S11	  240.00	  240.00	  240.00	 0.75052	 0.78163	 0.64927	   90.85	   -0.64	   -0.40	
246	S12	  215.00	  215.00	  215.00	 0.63437	 0.65099	 0.51750	   84.53	    1.53	    2.15	
247	S13	  150.00	  150.00	  150.00	 0.35418	 0.34889	 0.23669	   65.66	    6.09	    8.90	
248	T1	  105.00	  105.00	  105.00	 0.20333	 0.19401	 0.12199	   51.15	    8.15	   10.03	
249	T2	  220.00	  220.00	  220.00	 0.65559	 0.67461	 0.54159	   85.74	    1.15	    1.60	
250	T3	    5.00	    5.00	    5.00	 0.00547	 0.00526	 0.00377	    4.75	    1.62	    1.08	
251	T4	   40.00	   40.00	   40.00	 0.04213	 0.03787	 0.02166	   22.95	    8.20	    7.72	
252	T5	  220.00	  220.00	  220.00	 0.65506	 0.67400	 0.54057	   85.71	    1.16	    1.66	
253	T6	   80.00	   80.00	   80.00	 0.13165	 0.12286	 0.07439	   41.67	    8.90	    9.75	
254	T7	   80.00	   80.00	   80.00	 0.13184	 0.12301	 0.07457	   41.69	    8.92	    9.72	
255	T8	  225.00	  225.00	  225.00	 0.67704	 0.69885	 0.56526	   86.94	    0.70	    1.18	
256	T9	  155.00	  155.00	  155.00	 0.37382	 0.36932	 0.25249	   67.23	    5.85	    8.73	
257	T10	   70.00	   70.00	   70.00	 0.10550	 0.09772	 0.05809	   37.43	    8.84	    9.54	
258	T11	   25.00	   25.00	   25.00	 0.02187	 0.01976	 0.01159	   15.36	    6.36	    5.82	
259	T12	  255.00	  255.00	  255.00	 0.83103	 0.87008	 0.73908	   94.74	   -1.51	   -1.85	
260	T13	  250.00	  250.00	  250.00	 0.80518	 0.84154	 0.70960	   93.52	   -1.22	   -1.36	
END_DATA
