CGATS.17

ORIGINATOR	"i1Profiler - X-Rite, Inc."
INSTRUMENTATION	"i1iSis 2 XL ; Serial number 0"
DESCRIPTOR	"9800ABW_Darkest_PM"
MEASUREMENT_SOURCE	"MeasurementCondition=M2	Filter=UVcut"
ILLUMINATION_NAME	"D50"
OBSERVER_ANGLE	"2"
FILTER	"UV"
WEIGHTING_FUNCTION	"ILLUMINANT,	D50"
WEIGHTING_FUNCTION	"OBSERVER,	2 degree"
KEYWORD	"DEVCALSTD"
DEVCALSTD	"XRGA"
CREATED		"2020-12-27T13:25:09"

NUMBER_OF_FIELDS	11
BEGIN_DATA_FORMAT
SAMPLE_ID	SAMPLE_NAME	RGB_R	RGB_G	RGB_B	XYZ_X	XYZ_Y	XYZ_Z	LAB_L	LAB_A	LAB_B	
END_DATA_FORMAT

NUMBER_OF_SETS	260
BEGIN_DATA
1	A1	   95.00	   95.00	   95.00	 0.10219	 0.09468	 0.05568	   36.87	    8.74	    9.73	
2	A2	   70.00	   70.00	   70.00	 0.05129	 0.04653	 0.02629	   25.72	    8.21	    8.53	
3	A3	   60.00	   60.00	   60.00	 0.03741	 0.03371	 0.01907	   21.47	    7.75	    7.64	
4	A4	  150.00	  150.00	  150.00	 0.27161	 0.26370	 0.17222	   58.39	    7.13	    9.62	
5	A5	  220.00	  220.00	  220.00	 0.61435	 0.62885	 0.49349	   83.38	    1.88	    2.85	
6	A6	  120.00	  120.00	  120.00	 0.17089	 0.16136	 0.10040	   47.15	    8.64	    9.78	
7	A7	  210.00	  210.00	  210.00	 0.55691	 0.56634	 0.43133	   79.97	    2.72	    4.37	
8	A8	  110.00	  110.00	  110.00	 0.14151	 0.13258	 0.08086	   43.15	    8.79	    9.78	
9	A9	  135.00	  135.00	  135.00	 0.21744	 0.20833	 0.13276	   52.77	    7.94	    9.79	
10	A10	  125.00	  125.00	  125.00	 0.18444	 0.17504	 0.10966	   48.89	    8.40	    9.82	
11	A11	   40.00	   40.00	   40.00	 0.01865	 0.01682	 0.00991	   13.72	    6.11	    5.45	
12	A12	  110.00	  110.00	  110.00	 0.14161	 0.13265	 0.08096	   43.16	    8.80	    9.76	
13	A13	   25.00	   25.00	   25.00	 0.01053	 0.00967	 0.00628	    8.72	    4.40	    3.17	
14	B1	   45.00	   45.00	   45.00	 0.02216	 0.02001	 0.01158	   15.49	    6.42	    6.05	
15	B2	  135.00	  135.00	  135.00	 0.21813	 0.20939	 0.13280	   52.88	    7.75	    9.98	
16	B3	  205.00	  205.00	  205.00	 0.53137	 0.53907	 0.40351	   78.41	    3.00	    5.21	
17	B4	  230.00	  230.00	  230.00	 0.66999	 0.69060	 0.55581	   86.53	    0.90	    1.47	
18	B5	  200.00	  200.00	  200.00	 0.50311	 0.50839	 0.37459	   76.58	    3.47	    5.92	
19	B6	   35.00	   35.00	   35.00	 0.01599	 0.01448	 0.00864	   12.27	    5.66	    5.00	
20	B7	  235.00	  235.00	  235.00	 0.70266	 0.72746	 0.59369	   88.33	    0.26	    0.66	
21	B8	   65.00	   65.00	   65.00	 0.04397	 0.03964	 0.02263	   23.55	    8.16	    7.88	
22	B9	   15.00	   15.00	   15.00	 0.00598	 0.00572	 0.00405	    5.16	    1.90	    1.27	
23	B10	   50.00	   50.00	   50.00	 0.02672	 0.02406	 0.01392	   17.49	    6.95	    6.44	
24	B11	   35.00	   35.00	   35.00	 0.01550	 0.01402	 0.00848	   11.97	    5.63	    4.74	
25	B12	   30.00	   30.00	   30.00	 0.01296	 0.01179	 0.00734	   10.40	    5.08	    4.09	
26	B13	  175.00	  175.00	  175.00	 0.37959	 0.37555	 0.25818	   67.69	    5.71	    8.52	
27	C1	  240.00	  240.00	  240.00	 0.73108	 0.75920	 0.62682	   89.82	   -0.20	   -0.03	
28	C2	   35.00	   35.00	   35.00	 0.01568	 0.01423	 0.00851	   12.11	    5.53	    4.93	
29	C3	   45.00	   45.00	   45.00	 0.02243	 0.02024	 0.01169	   15.61	    6.47	    6.11	
30	C4	  185.00	  185.00	  185.00	 0.42686	 0.42535	 0.29852	   71.24	    5.04	    7.90	
31	C5	   55.00	   55.00	   55.00	 0.03199	 0.02878	 0.01661	   19.55	    7.44	    6.88	
32	C6	  210.00	  210.00	  210.00	 0.55847	 0.56807	 0.43257	   80.07	    2.69	    4.38	
33	C7	   55.00	   55.00	   55.00	 0.03227	 0.02905	 0.01671	   19.66	    7.43	    6.97	
34	C8	  210.00	  210.00	  210.00	 0.55921	 0.56863	 0.43321	   80.10	    2.73	    4.35	
35	C9	  125.00	  125.00	  125.00	 0.18594	 0.17649	 0.11050	   49.07	    8.41	    9.86	
36	C10	  210.00	  210.00	  210.00	 0.55845	 0.56782	 0.43340	   80.06	    2.74	    4.25	
37	C11	  145.00	  145.00	  145.00	 0.25437	 0.24598	 0.15959	   56.68	    7.39	    9.66	
38	C12	  195.00	  195.00	  195.00	 0.47560	 0.47853	 0.34837	   74.73	    3.97	    6.40	
39	C13	  160.00	  160.00	  160.00	 0.31183	 0.30492	 0.20421	   62.08	    6.67	    9.05	
40	D1	  125.00	  125.00	  125.00	 0.18727	 0.17797	 0.11095	   49.25	    8.31	   10.04	
41	D2	  255.00	  255.00	  255.00	 0.83314	 0.87216	 0.74089	   94.83	   -1.48	   -1.86	
42	D3	  130.00	  130.00	  130.00	 0.20099	 0.19198	 0.12067	   50.92	    8.02	   10.01	
43	D4	  205.00	  205.00	  205.00	 0.53411	 0.54184	 0.40632	   78.57	    3.01	    5.12	
44	D5	  235.00	  235.00	  235.00	 0.70392	 0.72869	 0.59446	   88.39	    0.28	    0.69	
45	D6	   50.00	   50.00	   50.00	 0.02733	 0.02459	 0.01412	   17.73	    7.05	    6.62	
46	D7	  160.00	  160.00	  160.00	 0.31304	 0.30650	 0.20455	   62.21	    6.53	    9.21	
47	D8	  120.00	  120.00	  120.00	 0.17123	 0.16162	 0.10057	   47.19	    8.68	    9.78	
48	D9	  245.00	  245.00	  245.00	 0.76311	 0.79521	 0.66322	   91.47	   -0.73	   -0.66	
49	D10	   55.00	   55.00	   55.00	 0.03244	 0.02918	 0.01676	   19.71	    7.47	    7.01	
50	D11	  190.00	  190.00	  190.00	 0.44965	 0.45011	 0.32192	   72.90	    4.55	    7.14	
51	D12	   90.00	   90.00	   90.00	 0.09091	 0.08390	 0.04938	   34.78	    8.67	    9.33	
52	D13	   20.00	   20.00	   20.00	 0.00800	 0.00749	 0.00513	    6.76	    3.14	    1.98	
53	E1	  175.00	  175.00	  175.00	 0.38090	 0.37694	 0.25791	   67.79	    5.69	    8.75	
54	E2	  205.00	  205.00	  205.00	 0.53238	 0.54023	 0.40374	   78.48	    2.97	    5.29	
55	E3	  195.00	  195.00	  195.00	 0.47601	 0.47922	 0.34742	   74.78	    3.90	    6.61	
56	E4	  215.00	  215.00	  215.00	 0.58954	 0.60181	 0.46555	   81.94	    2.23	    3.60	
57	E5	  235.00	  235.00	  235.00	 0.70044	 0.72521	 0.59226	   88.22	    0.25	    0.62	
58	E6	  200.00	  200.00	  200.00	 0.50353	 0.50903	 0.37557	   76.62	    3.42	    5.85	
59	E7	  140.00	  140.00	  140.00	 0.23696	 0.22838	 0.14674	   54.90	    7.56	    9.78	
60	E8	   75.00	   75.00	   75.00	 0.06076	 0.05539	 0.03177	   28.22	    8.37	    8.71	
61	E9	  230.00	  230.00	  230.00	 0.67021	 0.69070	 0.55626	   86.54	    0.93	    1.43	
62	E10	  180.00	  180.00	  180.00	 0.40202	 0.39883	 0.27609	   69.39	    5.49	    8.37	
63	E11	   40.00	   40.00	   40.00	 0.01887	 0.01704	 0.01004	   13.85	    6.09	    5.46	
64	E12	   95.00	   95.00	   95.00	 0.10307	 0.09552	 0.05685	   37.03	    8.73	    9.44	
65	E13	   25.00	   25.00	   25.00	 0.01053	 0.00969	 0.00630	    8.73	    4.34	    3.18	
66	F1	  255.00	  255.00	  255.00	 0.83118	 0.87024	 0.74040	   94.75	   -1.51	   -1.95	
67	F2	  230.00	  230.00	  230.00	 0.67027	 0.69107	 0.55661	   86.56	    0.87	    1.42	
68	F3	   80.00	   80.00	   80.00	 0.06930	 0.06355	 0.03644	   30.29	    8.35	    9.12	
69	F4	   75.00	   75.00	   75.00	 0.05935	 0.05413	 0.03096	   27.88	    8.27	    8.70	
70	F5	  105.00	  105.00	  105.00	 0.12838	 0.12005	 0.07246	   41.22	    8.66	    9.77	
71	F6	    5.00	    5.00	    5.00	 0.00347	 0.00348	 0.00288	    3.14	    0.47	   -0.02	
72	F7	  165.00	  165.00	  165.00	 0.33344	 0.32776	 0.22126	   63.98	    6.22	    8.93	
73	F8	  130.00	  130.00	  130.00	 0.20086	 0.19181	 0.12075	   50.90	    8.04	    9.95	
74	F9	  120.00	  120.00	  120.00	 0.17055	 0.16101	 0.10015	   47.11	    8.66	    9.78	
75	F10	  170.00	  170.00	  170.00	 0.35448	 0.34941	 0.23857	   65.70	    6.02	    8.62	
76	F11	  140.00	  140.00	  140.00	 0.23443	 0.22575	 0.14578	   54.63	    7.62	    9.56	
77	F12	   20.00	   20.00	   20.00	 0.00792	 0.00740	 0.00499	    6.68	    3.17	    2.11	
78	F13	   40.00	   40.00	   40.00	 0.01852	 0.01678	 0.00990	   13.70	    5.91	    5.41	
79	G1	  185.00	  185.00	  185.00	 0.42524	 0.42389	 0.29771	   71.14	    4.99	    7.86	
80	G2	  150.00	  150.00	  150.00	 0.27199	 0.26416	 0.17308	   58.43	    7.10	    9.50	
81	G3	   80.00	   80.00	   80.00	 0.06942	 0.06366	 0.03653	   30.32	    8.36	    9.11	
82	G4	   65.00	   65.00	   65.00	 0.04423	 0.03991	 0.02273	   23.64	    8.11	    7.95	
83	G5	  185.00	  185.00	  185.00	 0.42446	 0.42323	 0.29852	   71.09	    4.96	    7.65	
84	G6	  110.00	  110.00	  110.00	 0.14218	 0.13334	 0.08162	   43.26	    8.72	    9.68	
85	G7	  250.00	  250.00	  250.00	 0.79671	 0.83193	 0.70231	   93.10	   -1.07	   -1.43	
86	G8	  145.00	  145.00	  145.00	 0.25377	 0.24556	 0.15921	   56.64	    7.32	    9.68	
87	G9	    0.00	    0.00	    0.00	 0.00298	 0.00305	 0.00264	    2.75	    0.17	   -0.23	
88	G10	   75.00	   75.00	   75.00	 0.06039	 0.05504	 0.03179	   28.12	    8.37	    8.53	
89	G11	   45.00	   45.00	   45.00	 0.02229	 0.02009	 0.01163	   15.53	    6.52	    6.05	
90	G12	  160.00	  160.00	  160.00	 0.31107	 0.30442	 0.20400	   62.03	    6.57	    9.02	
91	G13	  130.00	  130.00	  130.00	 0.20017	 0.19118	 0.12097	   50.82	    8.02	    9.76	
92	H1	  160.00	  160.00	  160.00	 0.31361	 0.30686	 0.20505	   62.24	    6.61	    9.16	
93	H2	  170.00	  170.00	  170.00	 0.35624	 0.35108	 0.23896	   65.83	    6.05	    8.77	
94	H3	  120.00	  120.00	  120.00	 0.17122	 0.16177	 0.10074	   47.21	    8.60	    9.76	
95	H4	  115.00	  115.00	  115.00	 0.15604	 0.14685	 0.09060	   45.20	    8.68	    9.75	
96	H5	    0.00	    0.00	    0.00	 0.00292	 0.00298	 0.00256	    2.69	    0.22	   -0.20	
97	H6	  110.00	  110.00	  110.00	 0.14208	 0.13322	 0.08147	   43.24	    8.73	    9.71	
98	H7	   50.00	   50.00	   50.00	 0.02684	 0.02416	 0.01392	   17.53	    6.98	    6.53	
99	H8	  135.00	  135.00	  135.00	 0.21759	 0.20864	 0.13336	   52.80	    7.85	    9.68	
100	H9	  225.00	  225.00	  225.00	 0.64539	 0.66316	 0.52883	   85.16	    1.35	    1.98	
101	H10	   10.00	   10.00	   10.00	 0.00478	 0.00466	 0.00358	    4.21	    1.15	    0.50	
102	H11	  100.00	  100.00	  100.00	 0.11463	 0.10649	 0.06430	   38.98	    8.86	    9.38	
103	H12	  125.00	  125.00	  125.00	 0.18609	 0.17670	 0.11115	   49.09	    8.37	    9.71	
104	H13	  155.00	  155.00	  155.00	 0.29328	 0.28601	 0.19024	   60.43	    6.83	    9.14	
105	I1	  210.00	  210.00	  210.00	 0.55900	 0.56852	 0.43506	   80.10	    2.71	    4.11	
106	I2	  230.00	  230.00	  230.00	 0.66992	 0.69059	 0.55709	   86.53	    0.89	    1.33	
107	I3	  100.00	  100.00	  100.00	 0.11492	 0.10694	 0.06407	   39.06	    8.73	    9.61	
108	I4	   30.00	   30.00	   30.00	 0.01325	 0.01205	 0.00741	   10.59	    5.14	    4.28	
109	I5	  165.00	  165.00	  165.00	 0.33331	 0.32763	 0.22213	   63.97	    6.22	    8.74	
110	I6	  180.00	  180.00	  180.00	 0.40093	 0.39792	 0.27670	   69.32	    5.43	    8.16	
111	I7	  135.00	  135.00	  135.00	 0.21748	 0.20874	 0.13355	   52.81	    7.76	    9.65	
112	I8	   70.00	   70.00	   70.00	 0.05230	 0.04742	 0.02708	   25.99	    8.30	    8.36	
113	I9	   50.00	   50.00	   50.00	 0.02712	 0.02441	 0.01415	   17.65	    7.01	    6.45	
114	I10	  150.00	  150.00	  150.00	 0.27124	 0.26338	 0.17340	   58.36	    7.11	    9.30	
115	I11	   95.00	   95.00	   95.00	 0.10338	 0.09571	 0.05713	   37.06	    8.83	    9.36	
116	I12	   65.00	   65.00	   65.00	 0.04461	 0.04022	 0.02324	   23.74	    8.18	    7.68	
117	I13	  245.00	  245.00	  245.00	 0.76330	 0.79572	 0.66446	   91.49	   -0.80	   -0.73	
118	J1	  180.00	  180.00	  180.00	 0.40249	 0.39932	 0.27719	   69.42	    5.48	    8.25	
119	J2	   85.00	   85.00	   85.00	 0.07902	 0.07260	 0.04206	   32.39	    8.60	    9.28	
120	J3	  155.00	  155.00	  155.00	 0.29151	 0.28424	 0.18834	   60.27	    6.83	    9.28	
121	J4	   25.00	   25.00	   25.00	 0.01066	 0.00976	 0.00625	    8.79	    4.54	    3.35	
122	J5	  115.00	  115.00	  115.00	 0.15625	 0.14710	 0.09099	   45.23	    8.65	    9.67	
123	J6	   15.00	   15.00	   15.00	 0.00595	 0.00567	 0.00410	    5.12	    1.96	    1.09	
124	J7	  165.00	  165.00	  165.00	 0.33400	 0.32823	 0.22252	   64.02	    6.25	    8.75	
125	J8	   60.00	   60.00	   60.00	 0.03736	 0.03360	 0.01925	   21.43	    7.84	    7.40	
126	J9	  250.00	  250.00	  250.00	 0.79946	 0.83500	 0.70533	   93.23	   -1.11	   -1.47	
127	J10	   55.00	   55.00	   55.00	 0.03226	 0.02898	 0.01674	   19.63	    7.53	    6.89	
128	J11	  205.00	  205.00	  205.00	 0.53208	 0.53981	 0.40721	   78.45	    3.00	    4.80	
129	J12	   90.00	   90.00	   90.00	 0.09078	 0.08375	 0.04957	   34.75	    8.70	    9.17	
130	J13	   45.00	   45.00	   45.00	 0.02251	 0.02030	 0.01184	   15.65	    6.51	    5.96	
131	K1	  140.00	  140.00	  140.00	 0.23637	 0.22775	 0.14625	   54.84	    7.58	    9.80	
132	K2	  165.00	  165.00	  165.00	 0.33432	 0.32848	 0.22085	   64.04	    6.27	    9.11	
133	K3	  190.00	  190.00	  190.00	 0.44919	 0.44981	 0.32032	   72.88	    4.50	    7.35	
134	K4	   90.00	   90.00	   90.00	 0.09146	 0.08448	 0.04991	   34.90	    8.63	    9.25	
135	K5	   95.00	   95.00	   95.00	 0.10410	 0.09654	 0.05756	   37.21	    8.72	    9.42	
136	K6	   85.00	   85.00	   85.00	 0.08039	 0.07392	 0.04319	   32.68	    8.59	    9.12	
137	K7	  215.00	  215.00	  215.00	 0.58979	 0.60195	 0.46651	   81.94	    2.26	    3.50	
138	K8	   75.00	   75.00	   75.00	 0.06061	 0.05516	 0.03177	   28.16	    8.48	    8.60	
139	K9	  240.00	  240.00	  240.00	 0.73262	 0.76089	 0.62834	   89.90	   -0.22	   -0.04	
140	K10	  190.00	  190.00	  190.00	 0.45055	 0.45125	 0.32242	   72.97	    4.48	    7.19	
141	K11	   10.00	   10.00	   10.00	 0.00475	 0.00464	 0.00355	    4.19	    1.09	    0.54	
142	K12	  235.00	  235.00	  235.00	 0.70377	 0.72865	 0.59502	   88.38	    0.25	    0.63	
143	K13	   35.00	   35.00	   35.00	 0.01556	 0.01413	 0.00854	   12.04	    5.49	    4.76	
144	L1	  115.00	  115.00	  115.00	 0.15698	 0.14772	 0.09058	   45.32	    8.70	    9.97	
145	L2	   85.00	   85.00	   85.00	 0.07922	 0.07287	 0.04199	   32.45	    8.52	    9.42	
146	L3	   30.00	   30.00	   30.00	 0.01292	 0.01175	 0.00718	   10.37	    5.10	    4.34	
147	L4	   50.00	   50.00	   50.00	 0.02692	 0.02424	 0.01395	   17.57	    6.98	    6.55	
148	L5	  140.00	  140.00	  140.00	 0.23604	 0.22751	 0.14602	   54.82	    7.54	    9.81	
149	L6	  190.00	  190.00	  190.00	 0.44909	 0.44993	 0.32048	   72.89	    4.44	    7.34	
150	L7	   60.00	   60.00	   60.00	 0.03798	 0.03420	 0.01956	   21.65	    7.83	    7.46	
151	L8	  105.00	  105.00	  105.00	 0.12816	 0.11969	 0.07226	   41.17	    8.76	    9.75	
152	L9	   95.00	   95.00	   95.00	 0.10320	 0.09550	 0.05669	   37.02	    8.85	    9.50	
153	L10	  190.00	  190.00	  190.00	 0.44972	 0.45036	 0.32087	   72.92	    4.50	    7.33	
154	L11	  195.00	  195.00	  195.00	 0.47670	 0.47966	 0.34883	   74.80	    3.97	    6.46	
155	L12	   65.00	   65.00	   65.00	 0.04439	 0.03999	 0.02282	   23.67	    8.22	    7.91	
156	L13	   15.00	   15.00	   15.00	 0.00596	 0.00570	 0.00413	    5.15	    1.90	    1.07	
157	M1	  170.00	  170.00	  170.00	 0.35604	 0.35122	 0.23810	   65.84	    5.94	    8.95	
158	M2	  105.00	  105.00	  105.00	 0.12774	 0.11944	 0.07159	   41.13	    8.65	    9.96	
159	M3	  220.00	  220.00	  220.00	 0.61494	 0.62961	 0.49351	   83.42	    1.84	    2.91	
160	M4	  170.00	  170.00	  170.00	 0.35441	 0.34964	 0.23688	   65.72	    5.92	    8.96	
161	M5	  100.00	  100.00	  100.00	 0.11576	 0.10772	 0.06457	   39.19	    8.75	    9.62	
162	M6	  150.00	  150.00	  150.00	 0.27260	 0.26491	 0.17334	   58.50	    7.04	    9.56	
163	M7	  195.00	  195.00	  195.00	 0.47483	 0.47826	 0.34753	   74.71	    3.83	    6.49	
164	M8	  145.00	  145.00	  145.00	 0.25362	 0.24544	 0.15897	   56.63	    7.31	    9.71	
165	M9	  110.00	  110.00	  110.00	 0.14193	 0.13299	 0.08111	   43.21	    8.78	    9.78	
166	M10	  120.00	  120.00	  120.00	 0.17128	 0.16186	 0.10075	   47.22	    8.58	    9.78	
167	M11	   85.00	   85.00	   85.00	 0.08043	 0.07392	 0.04312	   32.68	    8.63	    9.16	
168	M12	  255.00	  255.00	  255.00	 0.83296	 0.87225	 0.74051	   94.83	   -1.53	   -1.82	
169	M13	  145.00	  145.00	  145.00	 0.25373	 0.24562	 0.15908	   56.65	    7.28	    9.72	
170	N1	  245.00	  245.00	  245.00	 0.76522	 0.79755	 0.66455	   91.57	   -0.76	   -0.60	
171	N2	   45.00	   45.00	   45.00	 0.02231	 0.02013	 0.01154	   15.56	    6.45	    6.23	
172	N3	   90.00	   90.00	   90.00	 0.09152	 0.08450	 0.04949	   34.90	    8.67	    9.48	
173	N4	  175.00	  175.00	  175.00	 0.37939	 0.37560	 0.25711	   67.69	    5.63	    8.72	
174	N5	  175.00	  175.00	  175.00	 0.37893	 0.37490	 0.25738	   67.64	    5.71	    8.58	
175	N6	   10.00	   10.00	   10.00	 0.00455	 0.00446	 0.00340	    4.03	    1.03	    0.53	
176	N7	    5.00	    5.00	    5.00	 0.00349	 0.00351	 0.00286	    3.17	    0.44	    0.06	
177	N8	  225.00	  225.00	  225.00	 0.64486	 0.66249	 0.52685	   85.12	    1.38	    2.14	
178	N9	  145.00	  145.00	  145.00	 0.25370	 0.24541	 0.15920	   56.63	    7.36	    9.65	
179	N10	   10.00	   10.00	   10.00	 0.00468	 0.00458	 0.00344	    4.14	    1.05	    0.65	
180	N11	  200.00	  200.00	  200.00	 0.50345	 0.50869	 0.37608	   76.60	    3.49	    5.74	
181	N12	   85.00	   85.00	   85.00	 0.07908	 0.07268	 0.04225	   32.41	    8.57	    9.20	
182	N13	  180.00	  180.00	  180.00	 0.40224	 0.39913	 0.27641	   69.41	    5.46	    8.36	
183	O1	  215.00	  215.00	  215.00	 0.58903	 0.60115	 0.46559	   81.90	    2.27	    3.53	
184	O2	  105.00	  105.00	  105.00	 0.12771	 0.11930	 0.07173	   41.10	    8.73	    9.86	
185	O3	  215.00	  215.00	  215.00	 0.58733	 0.59928	 0.46394	   81.80	    2.30	    3.55	
186	O4	   15.00	   15.00	   15.00	 0.00612	 0.00588	 0.00420	    5.31	    1.82	    1.23	
187	O5	  100.00	  100.00	  100.00	 0.11499	 0.10703	 0.06425	   39.08	    8.72	    9.55	
188	O6	   25.00	   25.00	   25.00	 0.01061	 0.00970	 0.00613	    8.74	    4.59	    3.49	
189	O7	   65.00	   65.00	   65.00	 0.04439	 0.04004	 0.02281	   23.69	    8.14	    7.95	
190	O8	  240.00	  240.00	  240.00	 0.72977	 0.75797	 0.62577	   89.77	   -0.22	   -0.03	
191	O9	  225.00	  225.00	  225.00	 0.64451	 0.66210	 0.52665	   85.10	    1.39	    2.12	
192	O10	   60.00	   60.00	   60.00	 0.03728	 0.03353	 0.01919	   21.40	    7.84	    7.40	
193	O11	   10.00	   10.00	   10.00	 0.00468	 0.00457	 0.00346	    4.13	    1.09	    0.60	
194	O12	   80.00	   80.00	   80.00	 0.06930	 0.06338	 0.03652	   30.25	    8.53	    9.00	
195	O13	  100.00	  100.00	  100.00	 0.11401	 0.10604	 0.06375	   38.91	    8.75	    9.49	
196	P1	  130.00	  130.00	  130.00	 0.20139	 0.19240	 0.12077	   50.97	    8.01	   10.06	
197	P2	  160.00	  160.00	  160.00	 0.31203	 0.30536	 0.20302	   62.11	    6.58	    9.36	
198	P3	  230.00	  230.00	  230.00	 0.66731	 0.68793	 0.55333	   86.40	    0.88	    1.50	
199	P4	   20.00	   20.00	   20.00	 0.00783	 0.00734	 0.00489	    6.63	    3.04	    2.20	
200	P5	  170.00	  170.00	  170.00	 0.35374	 0.34900	 0.23725	   65.67	    5.91	    8.81	
201	P6	    0.00	    0.00	    0.00	 0.00292	 0.00298	 0.00260	    2.69	    0.20	   -0.26	
202	P7	   90.00	   90.00	   90.00	 0.09103	 0.08406	 0.04966	   34.82	    8.63	    9.24	
203	P8	   70.00	   70.00	   70.00	 0.05069	 0.04595	 0.02618	   25.55	    8.23	    8.32	
204	P9	  255.00	  255.00	  255.00	 0.83008	 0.86902	 0.73744	   94.70	   -1.49	   -1.79	
205	P10	    5.00	    5.00	    5.00	 0.00356	 0.00358	 0.00293	    3.24	    0.41	    0.05	
206	P11	   40.00	   40.00	   40.00	 0.01897	 0.01718	 0.01018	   13.93	    5.97	    5.39	
207	P12	  250.00	  250.00	  250.00	 0.79630	 0.83152	 0.70056	   93.08	   -1.07	   -1.31	
208	P13	    0.00	    0.00	    0.00	 0.00306	 0.00315	 0.00285	    2.84	    0.12	   -0.47	
209	Q1	   60.00	   60.00	   60.00	 0.03670	 0.03305	 0.01877	   21.23	    7.73	    7.51	
210	Q2	  200.00	  200.00	  200.00	 0.50105	 0.50611	 0.37199	   76.44	    3.52	    6.03	
211	Q3	   75.00	   75.00	   75.00	 0.05901	 0.05376	 0.03052	   27.78	    8.34	    8.85	
212	Q4	  245.00	  245.00	  245.00	 0.75899	 0.79108	 0.65969	   91.28	   -0.77	   -0.65	
213	Q5	   20.00	   20.00	   20.00	 0.00786	 0.00734	 0.00496	    6.63	    3.17	    2.06	
214	Q6	  125.00	  125.00	  125.00	 0.18464	 0.17556	 0.10962	   48.95	    8.22	    9.94	
215	Q7	    5.00	    5.00	    5.00	 0.00342	 0.00344	 0.00281	    3.11	    0.42	    0.06	
216	Q8	  140.00	  140.00	  140.00	 0.23386	 0.22526	 0.14493	   54.58	    7.59	    9.69	
217	Q9	  185.00	  185.00	  185.00	 0.42528	 0.42382	 0.29769	   71.13	    5.03	    7.86	
218	Q10	   20.00	   20.00	   20.00	 0.00813	 0.00760	 0.00505	    6.87	    3.22	    2.31	
219	Q11	  250.00	  250.00	  250.00	 0.79577	 0.83101	 0.70036	   93.06	   -1.08	   -1.33	
220	Q12	   70.00	   70.00	   70.00	 0.05108	 0.04630	 0.02635	   25.65	    8.24	    8.36	
221	Q13	  115.00	  115.00	  115.00	 0.15496	 0.14592	 0.08952	   45.07	    8.61	    9.91	
222	R1	  235.00	  235.00	  235.00	 0.70056	 0.72546	 0.59219	   88.23	    0.23	    0.65	
223	R2	  200.00	  200.00	  200.00	 0.50272	 0.50793	 0.37381	   76.55	    3.49	    5.97	
224	R3	   30.00	   30.00	   30.00	 0.01309	 0.01190	 0.00729	   10.49	    5.11	    4.32	
225	R4	  130.00	  130.00	  130.00	 0.19999	 0.19113	 0.12025	   50.82	    7.95	    9.96	
226	R5	  115.00	  115.00	  115.00	 0.15632	 0.14720	 0.09079	   45.25	    8.63	    9.77	
227	R6	   15.00	   15.00	   15.00	 0.00603	 0.00575	 0.00406	    5.20	    1.94	    1.29	
228	R7	  165.00	  165.00	  165.00	 0.33255	 0.32701	 0.22062	   63.92	    6.17	    8.95	
229	R8	  135.00	  135.00	  135.00	 0.21745	 0.20852	 0.13301	   52.79	    7.85	    9.75	
230	R9	  180.00	  180.00	  180.00	 0.39960	 0.39638	 0.27447	   69.21	    5.49	    8.34	
231	R10	  205.00	  205.00	  205.00	 0.53042	 0.53828	 0.40388	   78.36	    2.96	    5.08	
232	R11	  240.00	  240.00	  240.00	 0.72883	 0.75694	 0.62605	   89.72	   -0.21	   -0.14	
233	R12	    0.00	    0.00	    0.00	 0.00318	 0.00325	 0.00282	    2.94	    0.19	   -0.26	
234	R13	  185.00	  185.00	  185.00	 0.42496	 0.42378	 0.29777	   71.13	    4.94	    7.84	
235	S1	  245.00	  245.00	  245.00	 0.76094	 0.79301	 0.66148	   91.37	   -0.75	   -0.67	
236	S2	  195.00	  195.00	  195.00	 0.47404	 0.47689	 0.34665	   74.63	    3.98	    6.47	
237	S3	  225.00	  225.00	  225.00	 0.63788	 0.65539	 0.52201	   84.76	    1.35	    2.04	
238	S4	   55.00	   55.00	   55.00	 0.03153	 0.02838	 0.01628	   19.38	    7.37	    6.97	
239	S5	  175.00	  175.00	  175.00	 0.37727	 0.37332	 0.25682	   67.53	    5.68	    8.47	
240	S6	   30.00	   30.00	   30.00	 0.01317	 0.01196	 0.00741	   10.52	    5.20	    4.17	
241	S7	  220.00	  220.00	  220.00	 0.61195	 0.62648	 0.49226	   83.26	    1.85	    2.77	
242	S8	  155.00	  155.00	  155.00	 0.29155	 0.28416	 0.18817	   60.26	    6.87	    9.30	
243	S9	   35.00	   35.00	   35.00	 0.01582	 0.01431	 0.00855	   12.16	    5.66	    4.95	
244	S10	  155.00	  155.00	  155.00	 0.29133	 0.28407	 0.18833	   60.25	    6.83	    9.25	
245	S11	  240.00	  240.00	  240.00	 0.72622	 0.75412	 0.62450	   89.59	   -0.19	   -0.21	
246	S12	  215.00	  215.00	  215.00	 0.58531	 0.59695	 0.46298	   81.67	    2.36	    3.45	
247	S13	  150.00	  150.00	  150.00	 0.27017	 0.26217	 0.17236	   58.24	    7.17	    9.34	
248	T1	  105.00	  105.00	  105.00	 0.12682	 0.11850	 0.07141	   40.98	    8.69	    9.77	
249	T2	  220.00	  220.00	  220.00	 0.60971	 0.62422	 0.49081	   83.14	    1.84	    2.73	
250	T3	    5.00	    5.00	    5.00	 0.00348	 0.00349	 0.00285	    3.15	    0.46	    0.05	
251	T4	   40.00	   40.00	   40.00	 0.01862	 0.01684	 0.00994	   13.73	    5.99	    5.42	
252	T5	  220.00	  220.00	  220.00	 0.60809	 0.62255	 0.48955	   83.05	    1.84	    2.72	
253	T6	   80.00	   80.00	   80.00	 0.06881	 0.06304	 0.03664	   30.17	    8.40	    8.78	
254	T7	   80.00	   80.00	   80.00	 0.06959	 0.06371	 0.03700	   30.33	    8.47	    8.83	
255	T8	  225.00	  225.00	  225.00	 0.63893	 0.65633	 0.52326	   84.81	    1.39	    1.98	
256	T9	  155.00	  155.00	  155.00	 0.28972	 0.28232	 0.18688	   60.10	    6.88	    9.30	
257	T10	   70.00	   70.00	   70.00	 0.05139	 0.04656	 0.02659	   25.73	    8.29	    8.31	
258	T11	   25.00	   25.00	   25.00	 0.01088	 0.00997	 0.00637	    8.97	    4.53	    3.43	
259	T12	  255.00	  255.00	  255.00	 0.82521	 0.86412	 0.73556	   94.49	   -1.53	   -1.98	
260	T13	  250.00	  250.00	  250.00	 0.79306	 0.82824	 0.69962	   92.94	   -1.09	   -1.47	
END_DATA
